1.451486919831223713e+04 1.433137834036568165e+03 4.099690576652602090e+02 2.044298171589310869e+03 2.096075949367088640e+02 5.247538677918424987e+00 8.418607594936709120e+02 2.140928270042194015e+01 1.547116736990154784e-02 5.443037974683544444e-01 1.547116736990154784e-02 2.687060478199718716e+01 1.691983122362869185e+00 3.333333333333333148e-01 1.293952180028129506e-01 4.205344585091420617e-01 2.769338959212376938e+00 1.324472573839662459e+01 3.170042194092826904e+01 8.551336146272855432e-01 2.012658227848101333e+00 1.246835443037974755e+01 3.468917018284106746e+01 5.498874824191280197e+01 8.482419127988748642e+00 2.527426160337552741e+00 3.417721518987341667e-01 6.975246132208157235e+01 1.310126582278481067e+01 6.772151898734176712e+01 3.479606188466947803e+00 3.514120956399437432e+02 3.094233473980309568e-01 1.496216596343178708e+03 6.210970464135020741e+00 1.088213783403656834e+02 7.139648382559774973e+02 1.123769338959212272e+00 4.838677918424753699e+01 4.196905766526019654e+00 5.358649789029535926e-01 1.409142053445850884e+01 2.587904360056259012e-01 4.198312236286919408e+00 4.566807313642756583e+01 3.797468354430379861e-02 2.812939521800281346e-03 3.322081575246132346e+00 8.547116736990155061e+00 0.000000000000000000e+00 5.625879043600562693e-03 1.406469760900140673e-03 6.393811533052039309e+00 2.711673699015471062e+00 9.901547116736990617e-01 1.997187060478199661e-01 0.000000000000000000e+00 0.000000000000000000e+00 3.431786216596343086e-01 2.953586497890295370e-02 8.270042194092827037e-01 1.533052039381153364e-01 2.995780590717299630e-01 3.938115330520393642e-01 1.378340365682137747e-01 4.219409282700421586e-03 0.000000000000000000e+00 0.000000000000000000e+00 3.938115330520394058e-02 3.375527426160337269e-02 1.814345991561181481e-01 3.656821378340365664e-02 3.797468354430379861e-02 0.000000000000000000e+00 2.390998593530238928e-02 5.668073136427567160e-01 7.005625879043600790e+00 3.108298171589310988e-01 1.125175808720112539e-02 2.277074542897327802e+00 2.250351617440225077e-02 0.000000000000000000e+00 3.066104078762306728e-01
1.433137834036568165e+03 3.289354430379746645e+03 1.084135021097046376e+02 4.707735583684950598e+01 9.354542897327706896e+02 3.490576652601968988e+01 1.236909985935302302e+03 1.620478199718706094e+02 8.706047819971870494e-01 4.265822784810126223e+00 5.625879043600562693e-03 1.082981715893108349e-01 1.547116736990154784e-01 1.406469760900140673e-03 6.891701828410688735e-02 3.254571026722925531e+00 6.295358649789029926e+00 5.509142053445851062e+00 9.904360056258790124e+00 6.540084388185654074e-01 7.482419127988748642e-01 5.241912798874824198e+00 1.315330520393811575e+01 2.316033755274261452e+01 7.170182841068917234e+00 1.991561181434599259e+00 2.672292545710267322e-02 4.471167369901547062e+00 5.334739803094233679e+00 2.468917018284106746e+01 3.150492264416315247e-01 3.846413502109704297e+01 2.630098452883263271e-01 4.777327707454289794e+02 7.491420534458508484e+01 7.952742616033755496e+01 1.052727144866385288e+03 1.168917018284106923e+01 5.513361462728550988e-01 3.423347398030942124e+00 2.728551336146272654e-01 6.146272855133614321e-01 1.521800281293952173e+00 6.188466947960619136e-01 9.760900140646976419e-01 5.063291139240506250e-02 2.812939521800281346e-03 8.797468354430380444e+00 3.033755274261603407e+00 0.000000000000000000e+00 0.000000000000000000e+00 0.000000000000000000e+00 1.434599156118143426e-01 2.812939521800281346e-03 1.406469760900140673e-03 0.000000000000000000e+00 0.000000000000000000e+00 0.000000000000000000e+00 3.066104078762306728e-01 4.219409282700421586e-03 7.735583684950773919e-02 8.579465541490857716e-02 1.448663853727144846e-01 9.845288326300984105e-02 2.658227848101265556e-01 1.125175808720112539e-02 1.406469760900140673e-03 0.000000000000000000e+00 0.000000000000000000e+00 3.234880450070323765e-02 2.953586497890295370e-02 0.000000000000000000e+00 8.438818565400843172e-03 0.000000000000000000e+00 1.406469760900140673e-03 4.050632911392405000e-01 2.953586497890295370e-01 1.997187060478199661e-01 2.812939521800281173e-02 1.828410689170182832e-02 8.298171589310829321e-02 0.000000000000000000e+00 1.097046413502109768e-01
4.099690576652602090e+02 1.084135021097046376e+02 6.612025316455695929e+02 3.865133614627285397e+02 2.155274261603375408e+01 3.052039381153305309e-01 4.768129395218002742e+02 1.677791842475386659e+02 2.405063291139240556e-01 3.502109704641350185e-01 1.969057665260197029e-02 1.414908579465541383e+00 6.047819971870604938e-01 2.573839662447257592e-01 3.516174402250351466e-02 4.149085794655414938e-01 1.308016877637130815e+00 1.201125175808720025e+00 4.026722925457102420e+00 2.306610407876230617e-01 5.766526019690576543e-02 5.246132208157524568e-01 3.632911392405063111e+00 3.469760900140646864e+00 1.120956399437412099e+00 1.772151898734177222e-01 7.032348804500702932e-03 6.330520393811532642e+00 2.631504922644163358e+00 1.456118143459915615e+01 8.030942334739803457e-01 3.238396624472574103e+01 2.784810126582278333e-01 6.412798874824191842e+01 3.021659634317862242e+01 1.732067510548523330e+02 4.361350210970464332e+02 9.440225035161743605e+00 7.090014064697609086e+00 5.907172995780590741e-02 1.195499296765119568e-01 2.219127988748241975e+01 2.808720112517580692e+00 7.844725738396624592e+01 9.913783403656820781e+01 2.559774964838256173e-01 1.406469760900140673e-03 9.797187060478199783e+01 7.559212376933895428e+01 1.631504922644163025e-01 5.344585091420534645e-02 9.845288326300985146e-03 6.593530239099859358e+00 1.202531645569620222e+00 3.305203938115330309e-01 1.195499296765119568e-01 8.438818565400843172e-03 0.000000000000000000e+00 2.109704641350210880e-02 0.000000000000000000e+00 6.596343178621659753e-01 1.969057665260197029e-02 2.812939521800281346e-03 8.438818565400843172e-03 1.547116736990154784e-02 0.000000000000000000e+00 0.000000000000000000e+00 0.000000000000000000e+00 1.547116736990154784e-02 4.219409282700421586e-03 3.656821378340365664e-02 0.000000000000000000e+00 8.016877637130802314e-02 0.000000000000000000e+00 8.438818565400843172e-03 4.275668073136427716e-01 7.773558368495077531e+00 1.884669479606188580e-01 5.625879043600562693e-03 1.419127988748241975e+00 9.845288326300985146e-03 0.000000000000000000e+00 3.797468354430379861e-02
2.044298171589310869e+03 4.707735583684950598e+01 3.865133614627285397e+02 9.326026722925456852e+03 4.533052039381153087e+00 3.656821378340365664e-02 4.393952180028129106e+01 6.139549929676511510e+02 3.516174402250351466e-02 1.125175808720112469e-01 4.247538677918424876e-01 5.653783403656821065e+02 3.053305203938115397e+01 6.725738396624472593e+00 3.421940928270042370e+00 1.181434599156118148e-01 1.248945147679324963e+00 3.433192686357243506e+00 1.272011251758087269e+01 9.218002812939522173e+00 3.924050632911392222e-01 1.097046413502109630e+00 7.510548523206750815e+00 9.714486638537271901e+00 2.319268635724331951e+00 4.106891701828410679e-01 2.728551336146272654e-01 5.567229254571027042e+01 8.985935302390998913e+00 5.332630098452883516e+01 2.535864978902953482e+00 2.392180028129395168e+02 2.095639943741209599e-01 1.825260196905766463e+02 7.739803094233473679e+00 6.645836849507735451e+02 9.330942334739803528e+02 3.098452883263009827e+00 5.069704641350210750e+02 2.981715893108298210e-01 1.125175808720112469e-01 4.216244725738396824e+02 5.142053445850914173e+00 3.278424753867791992e+02 7.890970464135020848e+02 1.715893108298171543e-01 1.828410689170182832e-02 4.018523206751054886e+02 2.168551336146272774e+02 1.969057665260197029e-02 3.797468354430379861e-02 2.250351617440225077e-02 9.832630098452882805e+01 2.672011251758087269e+01 7.745428973277074469e+00 2.160337552742615852e+00 3.516174402250351466e-02 0.000000000000000000e+00 2.812939521800281173e-02 1.406469760900140586e-02 2.763713080168776592e+00 4.219409282700421586e-03 1.434599156118143426e-01 3.375527426160337269e-02 1.265822784810126563e-02 1.406469760900140586e-02 2.672292545710267322e-02 0.000000000000000000e+00 7.848101265822784445e-01 3.094233473980309568e-02 4.599156118143459815e-01 1.054852320675105509e-01 1.419127988748241975e+00 0.000000000000000000e+00 5.569620253164556667e-01 1.800281293952180062e-01 9.181153305203937975e+01 1.838255977496483728e+00 4.219409282700421586e-03 3.086919831223628563e+01 2.953586497890295370e-02 7.032348804500702932e-03 8.438818565400843519e-02
2.096075949367088640e+02 9.354542897327706896e+02 2.155274261603375408e+01 4.533052039381153087e+00 6.098649789029535896e+03 1.450611814345991661e+03 2.629233473980309554e+03 6.507791842475386375e+02 3.990154711673699239e+01 6.063572433192686617e+01 2.503516174402250494e-01 3.938115330520393642e-01 3.248945147679324630e-01 1.167369901547116728e-01 3.656821378340365664e-02 1.238818565400843852e+01 5.122503516174402449e+01 4.122362869198312296e+00 1.253445850914205373e+01 3.037974683544303889e-01 5.147679324894515185e-01 2.223628691983122518e+00 5.890295358649789037e+00 1.164978902953586548e+01 2.409282700421941037e+00 2.784810126582278333e-01 2.531645569620253125e-02 5.133614627285513210e-01 3.445850914205344395e+00 1.351054852320675082e+01 2.167369901547116839e+00 1.744163150492264336e+01 3.741209563994374321e-01 1.538042194092827003e+03 1.526511954992967617e+02 6.119268635724331773e+01 9.681462728551335886e+02 2.042756680731364227e+01 7.032348804500702932e-03 1.526019690576652543e+00 0.000000000000000000e+00 2.883263009845288272e-01 1.374120956399437432e+00 2.827004219409282593e-01 9.648382559774965062e-01 1.458509142053445951e+00 8.016877637130802314e-02 1.347819971870604761e+01 7.053445850914205728e+00 8.438818565400843519e-02 2.672292545710267322e-02 4.219409282700421586e-03 1.237693389592123827e-01 2.222222222222222099e-01 2.109704641350210880e-02 1.406469760900140673e-03 2.812939521800281346e-03 0.000000000000000000e+00 3.938115330520394058e-02 4.219409282700421586e-03 7.735583684950773919e-02 1.125175808720112539e-02 5.485232067510548842e-02 6.047819971870604938e-02 1.631504922644163025e-01 0.000000000000000000e+00 0.000000000000000000e+00 0.000000000000000000e+00 0.000000000000000000e+00 2.531645569620253125e-02 9.845288326300985146e-03 0.000000000000000000e+00 2.812939521800281346e-03 0.000000000000000000e+00 2.812939521800281173e-02 2.137834036568213858e-01 3.614627285513361543e-01 2.306610407876230617e-01 2.390998593530238928e-02 7.032348804500702932e-03 1.406469760900140586e-02 0.000000000000000000e+00 7.032348804500702932e-03
5.247538677918424987e+00 3.490576652601968988e+01 3.052039381153305309e-01 3.656821378340365664e-02 1.450611814345991661e+03 4.283773558368495287e+03 1.323644163150492204e+03 1.497475386779184191e+03 1.237929676511954995e+03 2.647722925457102519e+03 1.218002812939521728e+00 6.047819971870604938e-02 2.222222222222222099e-01 2.095639943741209599e-01 1.969057665260197029e-02 4.320956399437412188e+01 2.726779184247538410e+02 1.813361462728551388e+01 8.254992967651195102e+01 7.398030942334740123e-01 1.547116736990154784e-02 1.293952180028129506e-01 4.458509142053445617e-01 9.437412095639943210e-01 9.099859353023910247e-01 8.438818565400843172e-03 4.219409282700421586e-03 8.438818565400843172e-03 1.189592123769338983e+01 4.042475386779184277e+01 8.112517580872010470e+00 2.853586497890295348e+01 1.970464135021096963e+00 9.700281293952180022e+02 3.074402250351617383e+01 9.078762306610407506e+00 2.672039381153305158e+02 7.638537271448663901e+00 0.000000000000000000e+00 1.547116736990154784e-02 0.000000000000000000e+00 1.828410689170182832e-02 1.673699015471167284e-01 7.032348804500702932e-03 5.625879043600562693e-03 2.040787623066103951e+00 2.230661040787623062e+00 1.371870604781997116e+01 1.598874824191279842e+01 5.752461322081575679e-01 9.142053445850914506e-02 2.531645569620253125e-02 5.625879043600562693e-03 1.856540084388185741e-01 1.378340365682137747e-01 8.438818565400843172e-03 2.953586497890295370e-02 0.000000000000000000e+00 2.531645569620253125e-02 2.812939521800281346e-03 4.078762306610407562e-02 4.219409282700421586e-03 1.547116736990154784e-02 9.845288326300985146e-03 1.406469760900140673e-03 0.000000000000000000e+00 0.000000000000000000e+00 0.000000000000000000e+00 0.000000000000000000e+00 9.845288326300985146e-03 1.125175808720112539e-02 0.000000000000000000e+00 4.219409282700421586e-03 0.000000000000000000e+00 1.954992967651195401e-01 1.302390998593530247e+00 1.004219409282700370e+00 7.468354430379746667e-01 1.406469760900140586e-02 0.000000000000000000e+00 0.000000000000000000e+00 0.000000000000000000e+00 2.812939521800281346e-03
8.418607594936709120e+02 1.236909985935302302e+03 4.768129395218002742e+02 4.393952180028129106e+01 2.629233473980309554e+03 1.323644163150492204e+03 3.045422222222222263e+04 3.878893108298171683e+03 2.155324894514767948e+03 4.673867791842475299e+02 5.189873417721518889e-01 4.936708860759493889e-01 1.075949367088607556e+00 1.912798874824191142e-01 1.026722925457102670e-01 2.506610407876230795e+01 5.841631504922644069e+01 1.471729957805907141e+01 6.372995780590717629e+01 2.869198312236286852e-01 5.949367088607594445e-01 1.585091420534458617e+00 1.815752461322081501e+01 1.821518987341772089e+01 7.455696202531645334e+00 1.026722925457102642e+00 9.142053445850914506e-02 8.728551336146272988e+00 1.454289732770745402e+01 4.021237693389591783e+01 3.472573839662447259e+00 5.728129395218002884e+01 1.102672292545710198e+00 1.931336146272855103e+02 3.665147679324894625e+02 3.939142053445850706e+02 1.489390998593530185e+03 5.952461322081575190e+01 1.769338959212376938e+00 7.046413502109705185e-01 8.016877637130802314e-02 8.880450070323487211e+00 6.160337552742616296e+00 1.626300984528832672e+01 2.795218002812939417e+01 3.537271448663853679e+00 2.068917018284107012e+00 1.217327707454289794e+02 1.381772151898734080e+02 2.357243319268635506e+00 1.687763713080168704e-01 7.313642756680731327e-02 1.829817158931082988e+00 9.831223628691982963e-01 4.388185654008439074e-01 1.181434599156118148e-01 4.360056258790435957e-02 0.000000000000000000e+00 9.282700421940928703e-02 2.250351617440225077e-02 4.725738396624472593e-01 3.656821378340365664e-02 8.860759493670886111e-02 1.139240506329113889e-01 5.344585091420534645e-02 0.000000000000000000e+00 7.032348804500702932e-03 0.000000000000000000e+00 2.812939521800281346e-03 7.032348804500702932e-03 8.579465541490857716e-02 0.000000000000000000e+00 1.842475386779184321e-01 0.000000000000000000e+00 4.261603375527426296e-01 3.274261603375527407e+00 9.555555555555555358e+00 1.808720112517580914e+00 2.953586497890295370e-02 3.488045007032348765e-01 3.938115330520394058e-02 2.812939521800281346e-03 1.209563994374120988e-01
2.140928270042194015e+01 1.620478199718706094e+02 1.677791842475386659e+02 6.139549929676511510e+02 6.507791842475386375e+02 1.497475386779184191e+03 3.878893108298171683e+03 2.889400140646976070e+04 3.744441631504922498e+03 3.041646976090014050e+03 7.882644163150491750e+02 1.012867791842475413e+03 1.669092827004219316e+03 7.654191279887481869e+02 1.183755274261603319e+02 8.724191279887482153e+01 2.089985935302391056e+02 2.872573839662447170e+01 1.067412095639943743e+02 5.765949367088608142e+02 7.454289732770745525e-02 1.082981715893108349e-01 1.376933895921237605e+00 1.016877637130801704e+00 9.437412095639943210e-01 4.234880450070323654e+00 4.360056258790436234e-01 1.288326300984528938e+00 4.028129395218003062e+00 2.251758087201125136e+01 2.877637130801687704e+00 1.908157524613220701e+01 6.722925457102671976e-01 2.038087201125175909e+02 6.418973277074543375e+02 2.103544303797468444e+02 8.948410689170183332e+02 1.485710267229254669e+02 6.129395218002812840e+00 9.170182841068916790e-01 5.625879043600562693e-03 4.217862165963431664e+01 3.567229254571027042e+01 1.661983122362869096e+02 1.829479606188467073e+02 2.662025316455696355e+01 4.083403656821378291e+01 1.258721518987341824e+03 6.411015471167369469e+03 6.545850914205344395e+01 5.673558368495077531e+01 1.873572433192686333e+02 5.389592123769338627e+01 5.978340365682137758e+01 2.963291139240506311e+01 5.288326300984528494e+00 1.462728551336146321e+00 1.420534458509142006e-01 7.524613220815752346e-01 1.181434599156118148e-01 1.805625879043600435e+01 6.891701828410688735e-02 7.454289732770745525e-02 8.298171589310829321e-02 2.672292545710266976e-01 3.375527426160337269e-02 5.063291139240506250e-02 1.547116736990154784e-02 1.293952180028129506e-01 8.016877637130802314e-02 1.195499296765119568e-01 2.109704641350210880e-02 4.177215189873417778e-01 0.000000000000000000e+00 1.123769338959212405e+01 7.698171589310830143e+01 1.278734177215189902e+02 3.198593530239099891e+01 3.115330520393811753e+00 2.985935302390998469e+00 5.119549929676512345e-01 1.406469760900140673e-03 4.219409282700421586e-03
1.547116736990154784e-02 8.706047819971870494e-01 2.405063291139240556e-01 3.516174402250351466e-02 3.990154711673699239e+01 1.237929676511954995e+03 2.155324894514767948e+03 3.744441631504922498e+03 7.474751054852320522e+03 3.855033755274261694e+03 6.625879043600562568e+00 0.000000000000000000e+00 1.547116736990154784e-02 7.032348804500702932e-03 1.406469760900140673e-03 1.965007032348804614e+02 4.094233473980309412e+01 4.704219409282700326e+01 1.920717299578058999e+02 3.755274261603375741e-01 6.329113924050633333e-02 1.195499296765119568e-01 6.821378340365682469e-01 9.845288326300985146e-03 1.758087201125175802e-01 0.000000000000000000e+00 0.000000000000000000e+00 9.985935302390998303e-02 1.960056258790435990e+01 4.521940928270042548e+01 1.758087201125175802e+00 4.001406469760899753e+00 2.320675105485232037e-01 4.313642756680731161e+00 7.624894514767932208e+01 4.960337552742615941e+01 7.378199718706048316e+01 7.433192686357243062e+00 1.406469760900140673e-03 2.812939521800281173e-02 0.000000000000000000e+00 2.812939521800281173e-02 3.586497890295358704e-01 2.953586497890295370e-02 2.109704641350210880e-02 3.646976090014064642e+00 6.824191279887481976e+00 2.042616033755274429e+01 6.868635724331926440e+01 1.225879043600562568e+01 1.680731364275668049e+00 4.514767932489451296e-01 0.000000000000000000e+00 3.502109704641350185e-01 1.870604781997187160e-01 1.828410689170182832e-02 1.026722925457102670e-01 2.812939521800281346e-03 4.219409282700421586e-03 1.828410689170182832e-02 2.714486638537271235e-01 1.406469760900140673e-03 1.406469760900140673e-03 1.406469760900140673e-03 4.219409282700421586e-03 0.000000000000000000e+00 1.406469760900140673e-03 0.000000000000000000e+00 0.000000000000000000e+00 2.812939521800281346e-03 1.828410689170182832e-02 0.000000000000000000e+00 0.000000000000000000e+00 0.000000000000000000e+00 6.413502109704641851e-01 6.718706047819972049e+00 1.694514767932489363e+01 1.933895921237693383e+00 2.559774964838256173e-01 1.125175808720112539e-02 1.547116736990154784e-02 0.000000000000000000e+00 4.219409282700421586e-03
5.443037974683544444e-01 4.265822784810126223e+00 3.502109704641350185e-01 1.125175808720112469e-01 6.063572433192686617e+01 2.647722925457102519e+03 4.673867791842475299e+02 3.041646976090014050e+03 3.855033755274261694e+03 1.756083544303797316e+04 8.577426160337553256e+02 3.516174402250351466e-02 3.277074542897327469e-01 4.181434599156117926e+00 5.625879043600562693e-03 9.554507735583685644e+03 1.224703234880450054e+03 5.645850914205344679e+02 1.573699015471167286e+03 5.879043600562588345e+00 3.628691983122362963e-01 1.617440225035161883e-01 3.192686357243319062e+00 8.157524613220815124e-02 3.212376933895921383e+00 1.603375527426160463e-01 7.172995780590717130e-02 3.642756680731364383e-01 1.135513361462728597e+02 2.616047819971870467e+02 1.937693389592123694e+01 2.419268635724331773e+01 2.362869198312236296e+00 7.192798874824190989e+02 8.395682137834036212e+02 1.051828410689170141e+02 7.469873417721519218e+02 3.541420534458509337e+02 8.860759493670886111e-02 2.348804500703234877e-01 2.812939521800281346e-03 1.153305203938115309e-01 3.375527426160337269e-02 4.078762306610407562e-02 8.438818565400843172e-03 1.050632911392405111e+00 6.403656821378340247e+00 4.905766526019690765e+00 7.419690576652601521e+01 8.163150492264415803e+00 8.018424753867792276e+01 2.329437412095639957e+02 1.406469760900140673e-03 1.547116736990154784e-02 2.441631504922644247e+00 2.447257383966244815e-01 1.007032348804500721e+01 5.907172995780590741e-02 3.060478199718705827e+00 7.735583684950773919e-02 2.048241912798874864e+01 1.547116736990154784e-02 4.078762306610407562e-02 9.845288326300985146e-03 2.503516174402250494e-01 5.766526019690576543e-02 5.907172995780590741e-02 4.219409282700421586e-03 2.812939521800281346e-03 2.672292545710267322e-02 2.109704641350210880e-02 1.969057665260197029e-02 1.828410689170182832e-02 0.000000000000000000e+00 2.807313642756680938e+00 2.139943741209564010e+01 4.325035161744022361e+01 2.990154711673699062e+00 4.781997187060478272e-01 1.378340365682137747e-01 7.074542897327706914e-01 0.000000000000000000e+00 1.039381153305203975e+00
1.547116736990154784e-02 5.625879043600562693e-03 1.969057665260197029e-02 4.247538677918424876e-01 2.503516174402250494e-01 1.218002812939521728e+00 5.189873417721518889e-01 7.882644163150491750e+02 6.625879043600562568e+00 8.577426160337553256e+02 6.610646976090014505e+03 1.196061884669479625e+01 1.184022503516174396e+02 1.025518987341772117e+03 1.348804500703234988e+00 8.811786216596343593e+02 8.593530239099859136e-01 2.009409282700422068e+02 3.187060478199718716e+00 1.045931082981715917e+03 1.406469760900140673e-03 2.812939521800281346e-03 2.250351617440225077e-02 0.000000000000000000e+00 0.000000000000000000e+00 1.547116736990154784e-02 0.000000000000000000e+00 0.000000000000000000e+00 2.123769338959212438e-01 7.707454289732770247e-01 2.278481012658227778e-01 1.143459915611814370e+00 6.258790436005625679e-01 1.218284106891701768e+01 1.927707454289732709e+02 3.181153305203937975e+01 8.310126582278481067e+01 6.111111111111111427e+01 9.423347398030942901e-02 4.219409282700421586e-03 4.219409282700421586e-03 2.601969057665260432e-01 8.438818565400843172e-03 5.485232067510548842e-02 2.208157524613220679e-01 2.109704641350210880e-02 4.289732770745429136e-01 8.396624472573839260e-01 2.001448663853727226e+02 5.654008438818565185e-01 2.611631504922644353e+02 1.217714486638537210e+03 7.876230661040788117e-02 1.068917018284106929e-01 2.842053445850914173e+01 3.066104078762306617e+00 8.349789029535864415e+01 9.563994374120955710e-02 5.549789029535865126e+01 3.009845288326301049e-01 2.562264416315049402e+02 4.500703234880450154e-02 1.082981715893108349e-01 3.938115330520394058e-02 5.935302390998593580e-01 8.860759493670886111e-02 8.016877637130802314e-02 2.812939521800281346e-03 7.032348804500702932e-03 1.054852320675105509e-01 1.293952180028129506e-01 1.406469760900140673e-03 1.715893108298171543e-01 1.406469760900140673e-03 7.215189873417721111e-01 5.853727144866385146e+01 6.104219409282700326e+01 3.142053445850914173e+00 1.964838255977496395e+00 2.222222222222222099e-01 1.995780590717299630e+00 0.000000000000000000e+00 7.341772151898734444e-01
2.687060478199718716e+01 1.082981715893108349e-01 1.414908579465541383e+00 5.653783403656821065e+02 3.938115330520393642e-01 6.047819971870604938e-02 4.936708860759493889e-01 1.012867791842475413e+03 0.000000000000000000e+00 3.516174402250351466e-02 1.196061884669479625e+01 1.701021097046413615e+03 5.016286919831223372e+02 9.082841068917018390e+01 3.768917018284106746e+01 1.434599156118143426e-01 0.000000000000000000e+00 3.393811533052039309e+00 1.828410689170182832e-02 1.262855133614627334e+02 1.125175808720112539e-02 8.438818565400843172e-03 6.047819971870604938e-02 3.797468354430379861e-02 1.265822784810126563e-02 3.741209563994374321e-01 2.390998593530238928e-02 5.991561181434599259e-01 3.516174402250351466e-02 4.683544303797468333e-01 7.032348804500702932e-03 2.718706047819972049e+00 0.000000000000000000e+00 1.464135021097046518e+00 5.133614627285513210e-01 3.912798874824191309e+00 4.302250351617440316e+01 1.378340365682137747e-01 1.795724331926863613e+02 1.279887482419128086e-01 0.000000000000000000e+00 4.704781997187060227e+01 4.641350210970464074e-01 2.392405063291139200e+01 5.682700421940928237e+01 2.053445850914205340e-01 3.516174402250351466e-02 2.812798874824191131e+01 9.273277074542897935e+01 2.812939521800281346e-03 1.125175808720112539e-02 1.026722925457102670e-01 2.151898734177215289e+01 8.694796061884670024e+00 9.156118143459915926e-01 2.742616033755274074e-01 8.438818565400843172e-03 0.000000000000000000e+00 1.406469760900140673e-03 0.000000000000000000e+00 4.261603375527426296e-01 0.000000000000000000e+00 0.000000000000000000e+00 0.000000000000000000e+00 0.000000000000000000e+00 1.406469760900140673e-03 0.000000000000000000e+00 0.000000000000000000e+00 8.438818565400843172e-03 0.000000000000000000e+00 0.000000000000000000e+00 0.000000000000000000e+00 3.234880450070323765e-02 0.000000000000000000e+00 3.234880450070323765e-02 8.438818565400843519e-02 8.194092827004219259e+00 3.881856540084387963e-01 4.219409282700421586e-03 4.059071729957805630e+00 0.000000000000000000e+00 0.000000000000000000e+00 0.000000000000000000e+00
1.691983122362869185e+00 1.547116736990154784e-01 6.047819971870604938e-01 3.053305203938115397e+01 3.248945147679324630e-01 2.222222222222222099e-01 1.075949367088607556e+00 1.669092827004219316e+03 1.547116736990154784e-02 3.277074542897327469e-01 1.184022503516174396e+02 5.016286919831223372e+02 2.150593530239099891e+03 8.428466947960619109e+02 1.681279887482419042e+02 9.845288326300984938e-01 7.172995780590717130e-02 2.409704641350210963e+01 3.797468354430379861e-02 7.770872011251758522e+02 2.812939521800281346e-03 0.000000000000000000e+00 0.000000000000000000e+00 4.571026722925456975e-01 5.344585091420534645e-02 5.773558368495077531e+00 8.382559774964838395e-01 2.812939521800281173e-02 7.032348804500702932e-03 3.516174402250351466e-02 0.000000000000000000e+00 6.610407876230661728e-02 0.000000000000000000e+00 3.670886075949367222e-01 2.601969057665260432e-01 2.869198312236286852e-01 1.092827004219409259e+00 7.876230661040788117e-02 7.694796061884669136e+00 1.195499296765119457e+00 1.687763713080168634e-02 4.594936708860759111e+00 8.298171589310829321e-02 5.157524613220815901e+00 1.463713080168776415e+01 3.009845288326301049e-01 2.728551336146272654e-01 7.043600562587904790e+00 1.622883263009845223e+02 1.026722925457102670e-01 1.167369901547116728e-01 1.451476793248945185e+00 5.776371308016877926e+00 1.902812939521800217e+01 1.232067510548523259e+00 4.641350210970464074e-01 5.625879043600562693e-03 0.000000000000000000e+00 1.209563994374120988e-01 0.000000000000000000e+00 1.541490857946554049e+00 0.000000000000000000e+00 0.000000000000000000e+00 1.406469760900140673e-03 0.000000000000000000e+00 0.000000000000000000e+00 4.219409282700421586e-03 0.000000000000000000e+00 0.000000000000000000e+00 0.000000000000000000e+00 5.625879043600562693e-03 0.000000000000000000e+00 4.219409282700421586e-03 0.000000000000000000e+00 4.781997187060477855e-02 3.108298171589310988e-01 5.246132208157524568e-01 3.206751054852320926e-01 0.000000000000000000e+00 5.963431786216596420e-01 1.406469760900140673e-03 0.000000000000000000e+00 0.000000000000000000e+00
3.333333333333333148e-01 1.406469760900140673e-03 2.573839662447257592e-01 6.725738396624472593e+00 1.167369901547116728e-01 2.095639943741209599e-01 1.912798874824191142e-01 7.654191279887481869e+02 7.032348804500702932e-03 4.181434599156117926e+00 1.025518987341772117e+03 9.082841068917018390e+01 8.428466947960619109e+02 3.756659634317862128e+03 7.399732770745429207e+02 9.150492264416314470e+00 2.559774964838256173e-01 4.400984528832630360e+01 7.594936708860759722e-02 2.197814345991561368e+03 5.485232067510548842e-02 1.406469760900140673e-03 9.845288326300985146e-03 9.310829817158930988e-01 7.791842475386778766e-01 1.494936708860759467e+01 1.796061884669479580e+00 1.153305203938115309e-01 1.167369901547116728e-01 1.265822784810126667e-01 2.812939521800281346e-03 2.812939521800281173e-02 0.000000000000000000e+00 1.265822784810126563e-02 3.305203938115330309e-01 4.360056258790435957e-02 2.320675105485232037e-01 5.344585091420534645e-02 1.793248945147679407e+00 5.203938115330520198e+00 1.969057665260196821e-01 8.270042194092827037e-01 4.219409282700421586e-03 7.693389592123769383e-01 2.873417721518987555e+00 1.125175808720112539e-02 2.531645569620253125e-02 4.781997187060478272e-01 5.784388185654008652e+01 1.547116736990154784e-02 3.662447257383966370e+00 1.278101265822784853e+02 6.849507735583685308e-01 6.666666666666666297e-01 1.454711673699015506e+01 1.185372714486638479e+01 2.766526019690576543e+00 0.000000000000000000e+00 3.627285513361462765e+00 0.000000000000000000e+00 1.152419127988748215e+02 1.547116736990154784e-02 0.000000000000000000e+00 1.828410689170182832e-02 6.469760900140647530e-02 2.953586497890295370e-02 3.839662447257383704e-01 8.438818565400843519e-02 2.812939521800281346e-03 2.390998593530238928e-02 1.406469760900140673e-03 0.000000000000000000e+00 1.828410689170182901e-01 8.438818565400843172e-03 6.891701828410688735e-02 1.347398030942334790e+00 4.008438818565400741e-01 2.250351617440224938e-01 4.641350210970464352e-02 1.547116736990154784e-01 2.559774964838256173e-01 1.406469760900140673e-03 1.406469760900140673e-03
1.293952180028129506e-01 6.891701828410688735e-02 3.516174402250351466e-02 3.421940928270042370e+00 3.656821378340365664e-02 1.969057665260197029e-02 1.026722925457102670e-01 1.183755274261603319e+02 1.406469760900140673e-03 5.625879043600562693e-03 1.348804500703234988e+00 3.768917018284106746e+01 1.681279887482419042e+02 7.399732770745429207e+02 2.228118143459915700e+03 1.687763713080168634e-02 3.502109704641350185e-01 6.564135021097045808e+01 3.839662447257384148e+00 2.092298171589310641e+03 1.504781997187060405e+01 6.070323488045007210e+00 3.953586497890295259e+00 1.327257383966244788e+02 1.876230661040787595e+01 2.830478199718705810e+02 2.550351617440225027e+01 2.288326300984528938e+00 2.059071729957806074e+00 9.873417721518987777e-01 1.293952180028129506e-01 2.787623066104078617e+00 9.043600562587904568e-01 1.870604781997187160e-01 2.347398030942334568e+00 1.687763713080168634e-02 2.800281293952179951e+00 1.251758087201125247e-01 1.507735583684950864e+00 9.927566807313642983e+01 2.675105485232067704e+00 2.953586497890295370e-01 1.125175808720112539e-02 2.095639943741209599e-01 1.261603375527426074e+00 1.125175808720112539e-02 1.406469760900140673e-03 2.123769338959212438e-01 2.926863572433192839e+00 1.547116736990154784e-02 8.438818565400843519e-02 3.403656821378340247e+00 1.406469760900140586e-01 2.306610407876230617e-01 3.794655414908579605e+00 3.475668073136427694e+01 4.064697609001406420e-01 5.625879043600562693e-03 3.216596343178621531e+00 1.097046413502109768e-01 1.003361462728551317e+02 1.111111111111111160e+00 5.007032348804500987e-01 6.230661040787622840e-01 9.310829817158930988e-01 1.293952180028129506e-01 1.866385372714486568e+00 3.895921237693389383e-01 2.812939521800281173e-02 4.641350210970464352e-02 1.603375527426160463e-01 1.265822784810126563e-02 8.832630098452882716e-01 3.600562587904360123e-01 4.360056258790436234e-01 2.741209563994374321e+00 4.556962025316455556e-01 1.039381153305203975e+00 2.095639943741209599e-01 4.360056258790435957e-02 1.277074542897327802e+00 1.547116736990154784e-02 4.781997187060477855e-02
4.205344585091420617e-01 3.254571026722925531e+00 4.149085794655414938e-01 1.181434599156118148e-01 1.238818565400843852e+01 4.320956399437412188e+01 2.506610407876230795e+01 8.724191279887482153e+01 1.965007032348804614e+02 9.554507735583685644e+03 8.811786216596343593e+02 1.434599156118143426e-01 9.845288326300984938e-01 9.150492264416314470e+00 1.687763713080168634e-02 1.792297327707454315e+04 3.166272855133614485e+03 3.007005625879043691e+03 9.184683544303796907e+02 9.202672292545710775e+01 3.839662447257383704e-01 9.240506329113924444e-01 4.531645569620253333e+00 3.023909985935302469e-01 5.369901547116737284e+00 6.610407876230661728e-02 6.891701828410688735e-02 1.420534458509142006e-01 6.524331926863573017e+01 9.525316455696201956e+01 5.514767932489451852e+00 2.942194092827004326e+01 8.212376933895921383e+00 7.152841068917018674e+02 5.773938115330520304e+02 4.934458509142053373e+01 8.887215189873418240e+02 3.714078762306610315e+02 7.032348804500702932e-03 5.344585091420533951e-01 4.219409282700421759e-02 5.485232067510548842e-02 6.891701828410688735e-02 4.219409282700421586e-03 2.812939521800281173e-02 8.016877637130802314e-02 7.046413502109705185e-01 1.267229254571026642e+00 1.976090014064697531e+00 4.964838255977496728e-01 1.371729957805907141e+01 1.100956399437412045e+02 0.000000000000000000e+00 2.812939521800281346e-03 2.642756680731364494e+00 4.036568213783403580e-01 4.107735583684950598e+01 4.781997187060477855e-02 2.207313642756680849e+01 6.047819971870604938e-02 6.529817158931082588e+01 4.852320675105485370e-01 2.433192686357243395e-01 5.344585091420534645e-02 9.901547116736990617e-01 1.153305203938115309e-01 6.188466947960619136e-02 8.438818565400843172e-03 8.438818565400843172e-03 3.600562587904360123e-01 4.205344585091420617e-01 2.672292545710267322e-02 5.864978902953587037e-01 3.825597749648382284e-01 1.170182841068917012e+00 3.113642756680731338e+01 2.149367088607595022e+01 2.210970464135021185e+00 7.074542897327706914e-01 5.766526019690576543e-02 2.437412095639943654e+00 0.000000000000000000e+00 1.566807313642756716e+00
2.769338959212376938e+00 6.295358649789029926e+00 1.308016877637130815e+00 1.248945147679324963e+00 5.122503516174402449e+01 2.726779184247538410e+02 5.841631504922644069e+01 2.089985935302391056e+02 4.094233473980309412e+01 1.224703234880450054e+03 8.593530239099859136e-01 0.000000000000000000e+00 7.172995780590717130e-02 2.559774964838256173e-01 3.502109704641350185e-01 3.166272855133614485e+03 1.525009001406469724e+04 1.725258790436005711e+03 2.191708860759493746e+03 1.572995780590717274e+01 5.625879043600562693e-03 1.125175808720112539e-02 5.218002812939521728e-01 2.531645569620253125e-02 5.623066104078762173e+00 1.547116736990154784e-02 1.969057665260197029e-02 3.170182841068917234e+00 7.001828410689169857e+01 8.092264416315049402e+02 6.250478199718705810e+02 1.061942334739803073e+03 2.314500703234880348e+02 1.337689170182841053e+03 5.482419127988747931e+01 2.257383966244725926e+00 1.261319268635724256e+03 4.962869198312236563e+01 1.125175808720112539e-02 1.701828410689170124e-01 5.541490857946553827e-01 1.406469760900140586e-02 0.000000000000000000e+00 7.032348804500702932e-03 0.000000000000000000e+00 4.106891701828410679e-01 2.953586497890295370e-01 4.846694796061884247e+00 3.002812939521800395e+00 9.282700421940928703e-02 6.891701828410688735e-02 1.054852320675105509e-01 1.406469760900140673e-03 4.219409282700421586e-03 0.000000000000000000e+00 2.812939521800281346e-03 1.284106891701828346e+00 5.625879043600562693e-03 1.863572433192686395e+00 7.313642756680731327e-02 7.918424753867792099e-01 1.687763713080168634e-02 3.656821378340365664e-02 2.672292545710267322e-02 9.845288326300985146e-03 0.000000000000000000e+00 0.000000000000000000e+00 1.406469760900140673e-03 0.000000000000000000e+00 7.876230661040788117e-02 1.687763713080168634e-02 2.812939521800281346e-03 8.860759493670886111e-02 9.845288326300985146e-03 7.032348804500702932e-02 2.772151898734177333e+00 4.416315049226441358e-01 7.651195499296764568e-01 8.438818565400843172e-03 0.000000000000000000e+00 1.237693389592123827e-01 0.000000000000000000e+00 5.639943741209564321e-01
1.324472573839662459e+01 5.509142053445851062e+00 1.201125175808720025e+00 3.433192686357243506e+00 4.122362869198312296e+00 1.813361462728551388e+01 1.471729957805907141e+01 2.872573839662447170e+01 4.704219409282700326e+01 5.645850914205344679e+02 2.009409282700422068e+02 3.393811533052039309e+00 2.409704641350210963e+01 4.400984528832630360e+01 6.564135021097045808e+01 3.007005625879043691e+03 1.725258790436005711e+03 2.102554711673699057e+04 7.545419127988748187e+03 2.593427566807313724e+03 1.227208157524613171e+03 4.117243319268635560e+02 1.711150492264416243e+03 2.972447257383965962e+02 3.588846694796062025e+02 8.152039381153305442e+01 1.173980309423347457e+01 7.684950773558368198e+00 2.094852320675105375e+02 4.063516174402250272e+02 8.100562587904360612e+01 7.317974683544304071e+02 9.186497890295358104e+01 1.295822784810126507e+02 1.582198312236286938e+03 7.492123769338958539e+01 6.662728551336145983e+02 1.918790436005625963e+02 4.233473980309423457e-01 1.792545710267229140e+02 2.530239099859353136e+00 2.405063291139240444e+00 4.992967651195499568e-01 3.234880450070323765e-02 1.054852320675105509e-01 2.841068917018284012e-01 9.001406469760899753e-01 5.358649789029535926e-01 8.045007032348804321e-01 3.178621659634318086e-01 1.062165963431786153e+01 1.836300984528832601e+02 7.032348804500702932e-03 8.438818565400843519e-02 5.084388185654008296e+00 9.390998593530239802e+00 4.756680731364275516e+01 7.580872011251758025e-01 5.950520393811533495e+02 1.573277074542897402e+01 1.228368495077355874e+03 2.868677918424754125e+02 1.906090014064697584e+02 2.113347398030942372e+02 5.460337552742615941e+01 3.724331926863572395e+00 1.704641350210970518e+00 3.037974683544303889e-01 1.153305203938115309e-01 8.769338959212376494e+00 2.062306610407876306e+01 3.825597749648382284e-01 5.462025316455696355e+01 3.180028129395218173e+00 1.655836849507735664e+01 3.303220815752461590e+02 4.929676511954993146e+01 1.104163150492264407e+02 1.584810126582278400e+01 1.420534458509142006e-01 1.824331926863572306e+01 2.742616033755274074e-01 2.268917018284106746e+01
3.170042194092826904e+01 9.904360056258790124e+00 4.026722925457102420e+00 1.272011251758087269e+01 1.253445850914205373e+01 8.254992967651195102e+01 6.372995780590717629e+01 1.067412095639943743e+02 1.920717299578058999e+02 1.573699015471167286e+03 3.187060478199718716e+00 1.828410689170182832e-02 3.797468354430379861e-02 7.594936708860759722e-02 3.839662447257384148e+00 9.184683544303796907e+02 2.191708860759493746e+03 7.545419127988748187e+03 2.136057946554149021e+04 1.666722925457102633e+02 3.437412095639943654e+00 2.736990154711673728e+00 1.968573839662447199e+03 2.171448663853727012e+01 4.626807313642756867e+02 2.291561181434598993e+01 1.188045007032348721e+01 2.920815752461322035e+01 1.520829817158931064e+03 3.856835443037974528e+03 9.313333333333333712e+02 9.036061884669479696e+02 5.102109704641350163e+01 1.470857946554149009e+02 9.284022503516174538e+02 1.800703234880450054e+01 7.547454289732770576e+02 2.150506329113923982e+02 3.741209563994374321e-01 1.042784810126582329e+02 4.473980309423347457e+00 4.345991561181434815e-01 3.080168776371308148e-01 1.125175808720112539e-02 2.531645569620253125e-02 5.485232067510548842e-02 5.021097046413501852e-01 1.898734177215190000e-01 9.353023909985935802e-01 2.784810126582278333e-01 6.779184247538677655e-01 4.163150492264416358e-01 4.219409282700421586e-03 1.406469760900140673e-03 5.625879043600562693e-03 6.610407876230661728e-02 5.864978902953587037e-01 3.938115330520394058e-02 4.355133614627285255e+01 2.506329113924050667e+00 6.292545710267228998e+01 2.195921237693389472e+01 2.119831223628692030e+01 1.901406469760900109e+01 4.628691983122362963e+00 6.835443037974683334e-01 9.001406469760900309e-02 7.032348804500702932e-03 8.438818565400843172e-03 1.374120956399437432e+00 6.952180028129395062e+00 5.063291139240506250e-02 1.971308016877637215e+01 5.344585091420533951e-01 5.075949367088608000e+00 5.895921237693389827e+01 4.019690576652601877e+00 2.901687763713080059e+01 3.473980309423347457e+00 5.203938115330520447e-02 1.624472573839662370e+00 5.625879043600562693e-03 1.990857946554148938e+01
