1.372433192686357195e+01 1.681856540084388030e+01 1.445991561181434548e+01 1.496905766526019654e+01 9.146272855133615209e+00 5.873417721518987555e+00 1.554430379746835378e+01 1.572433192686357195e+01 9.451476793248945185e-01 4.191279887482418864e+00 8.776371308016878148e-01 7.344585091420534617e+00 3.606188466947960691e+00 2.021097046413502074e+00 2.049226441631505136e+00 5.513361462728551210e+00 1.298874824191279842e+01 4.062869198312236563e+01 4.925175808720112514e+01 9.815752461322080791e+00 1.468635724331926795e+01 2.840225035161743961e+01 5.125457102672292820e+01 4.198452883263009738e+01 3.273980309423347279e+01 7.578059071729957630e+00 3.240506329113924000e+00 3.012939521800281284e+01 4.069620253164556800e+01 5.147960618846694558e+01 1.048101265822784889e+01 4.434177215189873067e+01 3.646976090014064642e+00 1.878481012658227911e+01 2.059493670886076089e+01 1.417440225035161738e+01 2.917299578059071763e+01 8.711673699015470618e+00 7.379746835443038222e+00 1.040506329113924089e+01 2.260196905766525877e+00 1.986779184247538765e+01 2.317862165963431753e+00 1.541068917018284168e+01 2.537412095639943743e+01 1.113924050632911333e+00 1.645569620253164445e-01 1.171870604781997116e+01 1.520534458509142084e+01 0.000000000000000000e+00 1.715893108298171543e-01 1.589310829817159043e-01 1.035161744022503605e+01 7.672292545710266864e+00 4.310829817158930766e+00 3.001406469760900197e+00 0.000000000000000000e+00 0.000000000000000000e+00 7.665260196905766321e+00 1.497890295358649704e+00 4.609001406469761086e+00 3.517580872011251802e+00 5.379746835443038222e+00 5.841068917018284345e+00 4.324894514767932741e+00 8.959212376933896049e-01 0.000000000000000000e+00 0.000000000000000000e+00 9.606188466947960247e-01 1.368495077355836864e+00 1.834036568213783358e+00 1.729957805907172963e-01 1.947960618846694691e+00 0.000000000000000000e+00 1.205344585091420617e+00 4.753867791842475654e+00 7.099859353023910025e+00 6.090014064697609086e+00 8.143459915611814814e-01 3.848101265822784889e+00 6.582278481012657778e-01 0.000000000000000000e+00 4.213783403656821136e+00
1.681856540084388030e+01 9.893108298171588544e+00 2.892123769338959249e+01 1.999437412095640099e+01 1.224331926863572484e+01 1.895077355836849620e+01 1.987482419127988820e+01 3.631364275668072850e+01 3.061884669479606025e+00 1.303656821378340425e+01 2.827004219409282593e-01 7.862165963431786420e-01 4.796061884669479691e-01 1.012658227848101250e-01 1.170182841068917012e+00 1.276793248945147674e+01 2.355696202531645511e+01 2.842756680731364227e+01 3.450210970464134874e+01 7.369901547116737284e+00 1.042053445850914173e+01 2.018143459915611970e+01 3.332770745428972958e+01 3.238818565400843852e+01 2.150351617440225027e+01 6.195499296765119901e+00 1.338959212376933827e+00 8.850914205344585284e+00 2.211814345991561126e+01 3.236568213783403536e+01 6.668073136427566716e+00 3.627285513361462677e+01 3.848101265822784889e+00 4.006469760900140642e+01 3.053867791842475299e+01 1.803797468354430222e+01 3.695499296765119368e+01 1.645147679324894341e+01 4.388185654008439074e-01 7.981715893108297877e+00 2.040787623066103951e+00 3.289732770745429136e+00 4.727144866385372346e+00 5.385372714486638124e+00 4.742616033755274074e+00 1.727144866385372790e+00 1.758087201125175802e-01 1.811814345991561126e+01 1.286075949367088533e+01 0.000000000000000000e+00 0.000000000000000000e+00 0.000000000000000000e+00 1.125175808720112469e+00 3.909985935302390803e-01 1.912798874824191142e-01 0.000000000000000000e+00 0.000000000000000000e+00 0.000000000000000000e+00 2.506329113924050667e+00 2.883263009845288272e-01 2.130801687763713037e+00 2.490857946554148938e+00 3.427566807313642716e+00 2.822784810126582222e+00 2.850914205344585284e+00 9.957805907172996296e-01 2.644163150492264691e-01 0.000000000000000000e+00 0.000000000000000000e+00 1.050632911392405111e+00 7.299578059071729630e-01 0.000000000000000000e+00 8.663853727144866790e-01 0.000000000000000000e+00 2.883263009845288272e-01 4.161744022503516049e+00 1.780590717299578074e+00 3.936708860759493778e+00 2.545710267229254753e-01 3.066104078762306728e-01 1.070323488045006988e+00 0.000000000000000000e+00 2.008438818565400741e+00
1.445991561181434548e+01 2.892123769338959249e+01 5.589310829817159210e+00 7.270042194092827259e+00 1.838396624472573748e+01 2.717299578059071852e+00 1.075386779184247565e+01 1.288185654008438874e+01 1.566807313642756716e+00 4.112517580872011358e+00 1.000000000000000000e+00 6.736990154711673284e+00 3.690576652601968988e+00 2.015471167369901728e+00 7.004219409282700370e-01 4.035161744022503605e+00 6.929676511954992790e+00 1.153867791842475299e+01 2.032489451476793363e+01 2.333333333333333481e+00 2.125175808720112691e+00 6.367088607594936889e+00 1.754008438818565452e+01 1.627566807313642627e+01 1.011251758087201047e+01 1.720112517580872025e+00 2.250351617440224938e-01 1.541631504922644247e+01 1.746976090014064553e+01 2.524331926863572306e+01 4.521800281293952395e+00 3.041772151898734222e+01 1.367088607594936667e+00 2.938677918424753699e+01 3.310689170182840968e+01 3.188185654008438874e+01 3.910126582278481067e+01 1.896624472573839526e+01 9.399437412095640099e+00 2.673699015471167506e+00 7.862165963431786420e-01 3.695499296765119368e+01 1.350070323488045076e+01 5.402109704641350163e+01 4.900562587904359901e+01 3.308016877637130815e+00 1.870604781997187160e-01 5.868917018284106746e+01 4.921378340365681936e+01 1.046413502109704741e+00 6.624472573839662592e-01 5.105485232067510371e-01 1.487763713080168770e+01 1.051898734177215111e+01 6.067510548523206815e+00 3.268635724331927062e+00 3.234880450070323765e-01 0.000000000000000000e+00 1.410689170182841012e+00 0.000000000000000000e+00 4.690576652601968988e+00 9.212376933895921605e-01 6.272855133614627654e-01 9.676511954992967901e-01 1.052039381153305309e+00 0.000000000000000000e+00 0.000000000000000000e+00 0.000000000000000000e+00 4.078762306610407840e-01 3.909985935302390803e-01 1.216596343178621753e+00 0.000000000000000000e+00 1.952180028129395284e+00 0.000000000000000000e+00 2.742616033755274074e-01 4.291139240506328889e+00 1.742334739803094124e+01 6.630098452883262716e+00 7.749648382559775062e-01 5.815752461322081679e+00 9.803094233473980124e-01 0.000000000000000000e+00 1.362869198312236296e+00
1.496905766526019654e+01 1.999437412095640099e+01 7.270042194092827259e+00 8.545710267229255308e+00 7.599156118143460148e+00 8.171589310829817654e-01 1.924050632911392356e+01 1.328270042194092859e+01 2.981715893108298210e-01 3.108298171589310765e+00 5.386779184247538765e+00 1.057383966244725748e+01 2.504219409282700326e+01 1.617721518987341867e+01 1.380168776371307970e+01 2.390998593530238914e+00 8.154711673699015506e+00 2.101547116736990262e+01 3.519971870604781827e+01 3.057102672292545620e+01 4.527426160337553185e+00 1.064697609001406420e+01 2.731364275668073205e+01 2.012798874824191131e+01 1.890857946554148938e+01 4.208157524613221234e+00 2.029535864978902815e+00 3.655836849507735309e+01 2.841350210970464119e+01 4.701125175808719803e+01 1.043319268635724306e+01 4.886216596343178509e+01 1.592123769338959161e+00 3.201828410689169857e+01 2.387341772151898667e+01 2.546132208157524701e+01 2.682137834036568336e+01 1.221378340365682114e+01 1.180731364275668049e+01 4.462728551336145877e+00 2.060478199718705827e+00 5.569901547116737106e+01 1.274402250351617383e+01 6.850773558368494776e+01 6.037130801687763437e+01 2.963431786216596198e+00 6.835443037974683334e-01 6.486075949367088356e+01 6.749226441631505224e+01 8.101265822784810000e-01 3.066104078762306728e-01 5.035161744022503827e-01 4.039803094233474212e+01 3.985091420534458706e+01 2.259915611814345837e+01 1.324753867791842410e+01 8.438818565400844074e-01 0.000000000000000000e+00 7.805907172995780741e-01 9.493670886075948889e-01 1.905063291139240533e+01 6.540084388185654074e-01 1.727144866385372790e+00 2.036568213783403802e+00 1.191279887482419086e+00 4.275668073136427716e-01 9.212376933895921605e-01 0.000000000000000000e+00 2.676511954992967457e+00 9.142053445850913951e-01 2.127988748241912642e+00 1.715893108298171543e-01 4.355836849507735309e+00 0.000000000000000000e+00 3.697609001406469975e+00 6.187060478199718716e+00 3.249226441631505224e+01 1.224331926863572484e+01 5.147679324894515185e-01 1.849226441631504869e+01 1.365682137834036469e+00 2.503516174402250494e-01 1.848101265822784889e+00
9.146272855133615209e+00 1.224331926863572484e+01 1.838396624472573748e+01 7.599156118143460148e+00 1.368776371308016948e+01 1.777355836849507753e+01 2.367369901547116839e+01 5.083544303797468444e+01 2.563994374120956365e+01 4.821800281293952395e+01 3.690576652601968988e+00 1.393811533052039309e+00 2.045007032348804543e+00 7.538677918424754321e-01 8.762306610407876173e-01 3.730520393811533353e+01 5.390154711673699239e+01 2.374261603375527585e+01 3.326300984528832316e+01 5.634317862165963753e+00 5.877637130801687704e+00 9.848101265822784001e+00 1.643600562587904435e+01 1.572433192686357195e+01 1.014627285513361521e+01 2.361462728551336099e+00 1.241912798874824198e+00 2.827004219409282815e+00 1.424894514767932563e+01 3.100000000000000000e+01 1.146554149085794627e+01 2.923769338959212405e+01 3.465541490857946716e+00 2.818143459915611970e+01 4.037974683544303645e+01 2.238677918424753699e+01 3.721237693389591783e+01 2.501406469760900109e+01 5.189873417721518889e-01 3.149085794655414716e+00 0.000000000000000000e+00 2.438818565400843852e+00 5.677918424753867654e+00 5.879043600562588345e+00 4.175808720112518024e+00 3.689170182841068790e+00 1.353023909985935358e+00 3.208720112517580958e+01 3.122925457102672198e+01 1.476793248945147630e+00 1.378340365682137747e-01 5.879043600562587901e-01 1.253164556962025333e+00 2.284106891701828346e+00 1.263009845288326272e+00 2.939521800281293951e-01 1.856540084388185741e-01 0.000000000000000000e+00 2.378340365682138025e+00 2.334739803094233457e-01 1.876230661040787728e+00 1.444444444444444420e+00 1.970464135021096963e+00 2.627285513361462765e+00 1.081575246132208123e+00 0.000000000000000000e+00 0.000000000000000000e+00 0.000000000000000000e+00 0.000000000000000000e+00 6.146272855133614321e-01 7.398030942334740123e-01 0.000000000000000000e+00 7.623066104078762839e-01 0.000000000000000000e+00 1.371308016877637037e+00 5.735583684950773531e+00 3.776371308016877482e+00 4.424753867791842765e+00 2.461322081575246234e-01 4.247538677918424876e-01 5.316455696202531112e-01 0.000000000000000000e+00 6.905766526019690987e-01
5.873417721518987555e+00 1.895077355836849620e+01 2.717299578059071852e+00 8.171589310829817654e-01 1.777355836849507753e+01 1.392686357243319328e+01 2.460618846694795891e+01 5.406610407876230795e+01 2.993108298171589254e+01 2.489310829817159032e+01 6.364275668073136494e+00 1.108298171589310765e+00 2.347398030942334568e+00 9.563994374120956543e-01 1.036568213783403580e+00 4.618143459915611970e+01 6.251336146272855387e+01 2.903797468354430222e+01 4.815752461322081501e+01 5.000000000000000000e+00 7.538677918424754321e-01 1.381153305203938197e+00 3.630098452883263160e+00 3.220815752461322123e+00 3.511954992967651012e+00 3.333333333333333148e-01 1.758087201125175802e-01 3.783403656821378580e-01 1.471167369901547062e+01 3.540787623066103862e+01 1.769338959212376849e+01 2.261603375527426252e+01 3.585091420534458617e+00 1.929535864978902993e+01 3.197046413502109630e+01 1.413642756680731338e+01 3.455836849507735309e+01 1.925738396624472415e+01 0.000000000000000000e+00 4.908579465541491049e-01 0.000000000000000000e+00 3.614627285513361543e-01 2.070323488045007210e+00 1.940928270042193982e-01 4.753867791842475432e-01 8.039381153305203753e+00 9.253164556962024889e+00 2.652883263009845294e+01 4.594796061884669314e+01 5.812939521800281284e+00 1.821378340365682247e+00 6.033755274261602963e-01 2.208157524613220679e-01 1.187060478199718716e+00 1.753867791842475432e+00 2.137834036568213858e-01 3.558368495077355864e-01 0.000000000000000000e+00 8.593530239099859136e-01 4.219409282700422037e-01 2.338959212376933827e+00 5.386779184247538765e-01 2.362869198312236296e-01 2.447257383966244815e-01 2.967651195499296790e-01 0.000000000000000000e+00 0.000000000000000000e+00 0.000000000000000000e+00 0.000000000000000000e+00 5.808720112517581358e-01 7.988748241912798642e-01 0.000000000000000000e+00 2.419127988748241975e-01 0.000000000000000000e+00 1.551336146272855210e+00 8.023909985935302913e+00 6.466947960618846913e+00 5.440225035161743605e+00 5.555555555555555802e-01 0.000000000000000000e+00 0.000000000000000000e+00 0.000000000000000000e+00 2.447257383966244815e-01
1.554430379746835378e+01 1.987482419127988820e+01 1.075386779184247565e+01 1.924050632911392356e+01 2.367369901547116839e+01 2.460618846694795891e+01 2.176090014064697442e+01 2.848101265822784711e+01 2.459493670886076089e+01 4.557524613220815723e+01 4.507735583684950420e+00 2.661040787623066173e+00 5.253164556962024889e+00 1.672292545710267309e+00 2.160337552742615852e+00 3.824050632911392711e+01 4.804360056258790479e+01 3.636286919831223940e+01 5.132067510548522904e+01 6.814345991561181037e+00 6.430379746835442667e+00 1.477496483825597728e+01 3.445991561181434548e+01 3.050773558368495131e+01 2.195780590717299674e+01 7.292545710267229531e+00 1.583684950773558420e+00 1.509423347398031012e+01 2.778059071729957807e+01 4.607594936708860445e+01 1.282419127988748286e+01 3.698734177215190044e+01 4.571026722925457086e+00 4.483825597749648040e+01 4.899296765119549946e+01 3.039240506329113956e+01 3.900703234880450054e+01 3.390436005625878835e+01 2.853727144866385235e+00 7.376933895921237827e+00 9.127988748241913086e-01 1.401125175808720158e+01 1.788326300984528672e+01 2.676933895921237649e+01 2.405063291139240533e+01 1.712517580872011180e+01 9.794655414908579161e+00 5.983122362869197985e+01 5.846976090014064908e+01 6.296765119549929679e+00 3.035161744022503605e+00 1.637130801687763704e+00 5.309423347398031012e+00 8.260196905766525433e+00 7.028129395218003062e+00 3.832630098452883161e+00 1.036568213783403580e+00 0.000000000000000000e+00 2.067510548523206815e+00 3.713080168776371481e-01 1.095921237693389649e+01 2.732770745428973136e+00 3.938115330520393975e+00 2.569620253164556889e+00 2.721518987341772000e+00 0.000000000000000000e+00 2.869198312236286852e-01 0.000000000000000000e+00 4.697609001406469753e-01 4.838255977496483951e-01 1.717299578059071630e+00 0.000000000000000000e+00 1.645569620253164667e+00 0.000000000000000000e+00 4.060478199718706271e+00 1.587763713080168770e+01 1.845007032348804543e+01 1.439099859353023980e+01 1.620253164556962000e+00 1.589310829817158988e+00 2.468354430379746667e+00 2.925457102672292531e-01 2.019690576652601877e+00
1.572433192686357195e+01 3.631364275668072850e+01 1.288185654008438874e+01 1.328270042194092859e+01 5.083544303797468444e+01 5.406610407876230795e+01 2.848101265822784711e+01 1.582278481012658311e+01 2.412658227848101333e+01 3.102812939521800217e+01 2.391983122362869096e+01 1.757805907172995674e+01 1.932208157524613057e+01 2.377777777777777857e+01 4.998734177215190044e+01 6.206047819971870894e+01 7.161744022503516760e+01 5.323628691983122252e+01 6.431082981715893254e+01 6.715189873417720889e+01 1.912798874824191309e+00 2.293952180028129284e+00 9.566807313642756938e+00 8.857946554149085827e+00 1.085513361462728632e+01 1.205063291139240533e+01 6.267229254571026864e+00 5.759493670886075556e+00 2.193248945147679407e+01 5.121659634317862242e+01 1.989732770745429136e+01 3.369338959212377205e+01 5.668073136427566716e+00 4.769760900140646953e+01 5.370182841068916701e+01 4.075949367088607289e+01 4.451898734177215289e+01 4.810126582278481067e+01 1.526019690576652543e+01 9.344585091420533729e+00 8.917018284106891235e-01 5.017862165963431664e+01 4.237412095639943743e+01 7.301125175808719803e+01 6.923769338959212405e+01 4.880590717299578074e+01 5.517862165963431664e+01 7.925597749648382262e+01 7.294233473980310123e+01 4.454289732770745758e+01 5.534599156118143526e+01 6.816033755274261807e+01 4.870042194092827259e+01 6.101828410689169857e+01 6.994514767932489008e+01 5.465119549929676168e+01 1.163853727144866390e+01 2.181434599156117926e+00 8.673699015471166618e+00 3.897327707454289580e+00 7.950773558368494776e+01 1.502109704641350296e+00 4.011251758087200692e+00 1.901547116736990173e+00 4.333333333333333037e+00 5.752461322081575679e-01 3.527426160337552741e+00 1.144866385372714568e+00 7.637130801687763704e-01 2.077355836849507753e+00 3.594936708860759556e+00 7.426160337552742963e-01 5.075949367088608000e+00 0.000000000000000000e+00 3.214627285513361699e+01 6.369620253164556800e+01 5.280731364275668227e+01 4.757946554149085472e+01 9.021097046413501630e+00 1.201828410689170212e+01 7.926863572433192395e+00 2.573839662447257592e-01 2.531645569620253333e-01
9.451476793248945185e-01 3.061884669479606025e+00 1.566807313642756716e+00 2.981715893108298210e-01 2.563994374120956365e+01 2.993108298171589254e+01 2.459493670886076089e+01 2.412658227848101333e+01 1.604500703234880277e+01 2.759493670886076089e+01 7.040787623066104395e+00 0.000000000000000000e+00 4.514767932489451296e-01 2.419127988748241975e-01 1.659634317862165864e-01 4.588748241912799131e+01 3.501125175808719803e+01 3.127707454289732780e+01 4.588466947960618825e+01 2.430379746835443111e+00 4.894514767932489629e-01 6.357243319268636172e-01 2.909985935302390914e+00 7.032348804500703210e-01 2.216596343178621531e+00 0.000000000000000000e+00 0.000000000000000000e+00 8.312236286919830741e-01 1.634036568213783269e+01 3.022222222222222143e+01 7.462728551336145877e+00 7.765119549929676346e+00 9.690576652601968766e-01 1.222503516174402272e+01 2.672714486638537323e+01 1.605344585091420484e+01 2.498452883263009738e+01 1.335161744022503605e+01 7.313642756680731327e-02 3.291139240506328889e-01 0.000000000000000000e+00 8.846694796061884691e-01 1.938115330520393753e+00 1.251758087201125247e-01 6.455696202531645556e-01 1.237130801687763793e+01 1.771167369901547062e+01 2.616315049226441758e+01 4.722222222222222143e+01 1.651336146272855032e+01 6.209563994374120988e+00 2.745428973277074469e+00 0.000000000000000000e+00 2.004219409282700592e+00 1.410689170182841012e+00 8.002812939521800617e-01 1.423347398030942346e+00 3.656821378340365802e-01 3.431786216596343086e-01 5.850914205344585062e-01 1.774964838255977506e+00 1.814345991561181481e-01 1.631504922644163025e-01 2.981715893108298210e-01 4.767932489451476852e-01 0.000000000000000000e+00 1.603375527426160463e-01 0.000000000000000000e+00 0.000000000000000000e+00 3.586497890295358704e-01 4.092827004219409259e-01 0.000000000000000000e+00 0.000000000000000000e+00 0.000000000000000000e+00 5.995780590717299852e+00 1.541490857946554094e+01 1.485091420534458528e+01 9.226441631504922469e+00 1.007032348804500765e+00 8.016877637130802314e-02 7.229254571026723086e-01 0.000000000000000000e+00 2.911392405063291111e-01
4.191279887482418864e+00 1.303656821378340425e+01 4.112517580872011358e+00 3.108298171589310765e+00 4.821800281293952395e+01 2.489310829817159032e+01 4.557524613220815723e+01 3.102812939521800217e+01 2.759493670886076089e+01 1.477074542897327625e+01 1.334177215189873422e+01 1.327707454289732691e+00 1.800281293952179951e+00 5.181434599156117926e+00 2.545710267229254753e-01 2.628691983122362785e+01 5.341068917018284168e+01 5.434880450070323832e+01 6.280450070323487921e+01 1.395921237693389649e+01 5.991561181434599259e-01 1.293952180028129506e+00 5.815752461322081679e+00 1.226441631504922691e+00 8.237693389592124049e+00 3.994374120956399321e-01 8.635724331926863950e-01 1.894514767932489407e+00 3.072573839662447170e+01 5.000703234880450054e+01 2.147819971870604761e+01 2.436427566807313738e+01 4.966244725738397037e+00 2.285794655414908405e+01 4.791983122362869096e+01 3.390154711673699239e+01 3.994796061884669314e+01 4.688466947960618825e+01 2.967651195499296790e-01 1.091420534458509062e+00 1.040787623066104089e-01 1.511954992967651235e+00 4.613220815752461235e-01 8.059071729957806296e-01 5.232067510548523703e-01 5.336146272855133432e+00 1.589310829817158854e+01 1.865822784810126578e+01 6.112517580872011536e+01 1.306188466947960691e+01 5.552039381153305442e+01 6.854571026722925353e+01 1.758087201125175802e-01 2.855133614627285432e-01 8.060478199718705383e+00 1.561181434599156148e+00 1.866526019690576632e+01 6.357243319268636172e-01 8.504922644163150025e+00 1.180028129395217951e+00 2.187623066104078617e+01 1.248945147679324963e+00 1.610407876230661062e+00 7.412095639943740988e-01 1.499296765119549901e+00 7.749648382559775062e-01 8.973277074542896914e-01 1.462728551336146265e-01 1.715893108298171543e-01 9.606188466947960247e-01 1.319268635724331951e+00 3.924050632911392222e-01 1.019690576652601877e+00 0.000000000000000000e+00 9.881856540084388740e+00 3.228973277074543091e+01 2.896624472573839526e+01 1.178059071729957807e+01 3.473980309423347457e+00 1.403656821378340469e+00 4.575246132208157235e+00 0.000000000000000000e+00 3.486638537271448790e+00
8.776371308016878148e-01 2.827004219409282593e-01 1.000000000000000000e+00 5.386779184247538765e+00 3.690576652601968988e+00 6.364275668073136494e+00 4.507735583684950420e+00 2.391983122362869096e+01 7.040787623066104395e+00 1.334177215189873422e+01 1.314767932489451496e+01 1.961744022503516049e+01 3.292264416315049402e+01 1.731645569620253156e+01 2.350210970464134963e+00 1.117440225035161738e+01 4.884669479606188247e+00 1.900843881856540207e+01 8.059071729957805630e+00 1.433614627285513343e+01 1.504922644163150525e-01 2.236286919831223519e-01 3.445850914205344506e-01 0.000000000000000000e+00 0.000000000000000000e+00 4.078762306610407840e-01 0.000000000000000000e+00 0.000000000000000000e+00 1.064697609001406420e+00 5.762306610407875951e+00 1.198312236286919852e+00 1.410689170182841012e+00 7.158931082981715432e-01 8.732770745428974024e+00 4.429395218002812840e+01 2.935864978902953482e+01 2.634599156118143526e+01 3.022222222222222143e+01 1.648382559774964840e+00 9.142053445850914506e-02 9.282700421940928703e-02 4.250351617440225382e+00 1.082981715893108321e+00 3.018284106891701679e+00 4.485232067510548148e+00 1.483825597749648395e+00 6.655414908579465383e+00 1.335302390998593580e+01 7.014486638537270835e+01 4.282700421940928592e+00 7.255274261603375408e+01 7.709704641350211318e+01 1.230661040787623062e+00 2.700421940928269926e+00 3.658790436005625679e+01 1.285372714486638479e+01 5.113080168776371437e+01 8.157524613220815679e-01 3.804781997187060227e+01 2.171589310829816988e+00 7.014627285513361699e+01 1.870604781997187160e+00 2.080168776371308148e+00 1.002812939521800173e+00 3.793248945147679407e+00 2.233473980309423457e+00 2.452883263009845383e+00 1.659634317862165864e-01 3.389592123769338827e-01 3.284106891701828346e+00 3.891701828410689235e+00 2.995780590717299630e-01 2.293952180028129284e+00 1.251758087201125247e-01 8.130801687763712593e+00 4.853305203938115397e+01 4.234458509142053373e+01 1.764978902953586370e+01 9.907172995780591407e+00 2.526019690576652543e+00 9.078762306610407506e+00 0.000000000000000000e+00 3.540084388185654074e+00
7.344585091420534617e+00 7.862165963431786420e-01 6.736990154711673284e+00 1.057383966244725748e+01 1.393811533052039309e+00 1.108298171589310765e+00 2.661040787623066173e+00 1.757805907172995674e+01 0.000000000000000000e+00 1.327707454289732691e+00 1.961744022503516049e+01 7.974683544303797333e+00 1.471870604781997116e+01 3.843178621659634331e+01 3.742334739803094124e+01 1.478199718706047827e+00 0.000000000000000000e+00 9.729957805907172741e+00 4.767932489451476852e-01 5.858509142053446084e+01 2.011251758087201080e-01 3.234880450070323765e-01 3.136427566807313827e-01 6.033755274261602963e-01 6.540084388185654074e-01 3.645569620253164445e+00 1.270042194092827037e+00 2.642756680731364494e+00 9.423347398030942346e-01 1.659634317862165975e+00 1.167369901547116728e-01 3.715893108298171654e+00 0.000000000000000000e+00 2.357243319268635506e+00 3.929676511954992790e+00 4.398030942334739457e+00 1.078902953586497837e+01 5.682137834036568025e-01 1.192686357243319328e+01 2.175808720112517580e+00 0.000000000000000000e+00 2.766244725738396681e+01 3.206751054852320593e+00 3.307735583684950598e+01 3.857805907172996029e+01 1.624472573839662370e+00 5.316455696202531112e-01 3.063431786216596464e+01 5.572714486638537323e+01 1.125175808720112469e-01 7.707454289732770247e-01 3.306610407876230617e+00 1.904641350210970430e+01 2.198030942334739635e+01 1.042756680731364227e+01 5.579465541490858271e+00 5.105485232067510371e-01 0.000000000000000000e+00 2.081575246132208179e-01 0.000000000000000000e+00 1.060056258790435990e+01 0.000000000000000000e+00 0.000000000000000000e+00 0.000000000000000000e+00 0.000000000000000000e+00 2.053445850914205340e-01 0.000000000000000000e+00 0.000000000000000000e+00 2.855133614627285432e-01 0.000000000000000000e+00 0.000000000000000000e+00 0.000000000000000000e+00 4.908579465541491049e-01 0.000000000000000000e+00 5.330520393811533086e-01 2.243319268635724395e+00 8.014064697609001087e+00 3.371308016877637037e+00 2.995780590717299630e-01 5.503516174402250272e+00 0.000000000000000000e+00 0.000000000000000000e+00 0.000000000000000000e+00
3.606188466947960691e+00 4.796061884669479691e-01 3.690576652601968988e+00 2.504219409282700326e+01 2.045007032348804543e+00 2.347398030942334568e+00 5.253164556962024889e+00 1.932208157524613057e+01 4.514767932489451296e-01 1.800281293952179951e+00 3.292264416315049402e+01 1.471870604781997116e+01 8.700421940928270814e+00 1.998734177215190044e+01 4.610689170182840968e+01 4.862165963431785976e+00 9.789029535864979259e-01 1.646694796061884603e+01 6.624472573839662592e-01 6.023769338959212405e+01 3.319268635724331729e-01 0.000000000000000000e+00 0.000000000000000000e+00 1.101265822784810222e+00 1.537271448663853679e+00 9.177215189873416890e+00 2.839662447257384148e+00 4.824191279887482531e-01 6.779184247538677655e-01 9.127988748241913086e-01 0.000000000000000000e+00 8.565400843881856296e-01 0.000000000000000000e+00 1.000000000000000000e+00 4.111111111111110716e+00 2.838255977496483951e+00 5.720112517580871803e+00 9.549929676511954568e-01 9.721518987341772444e+00 6.187060478199718716e+00 6.385372714486639012e-01 1.697749648382559684e+01 1.426160337552742519e+00 1.795780590717299674e+01 3.013924050632911289e+01 3.026722925457102864e+00 3.586497890295358815e+00 2.576793248945147852e+01 4.792264416315049402e+01 1.476793248945147630e+00 1.790436005625879012e+00 1.133473980309423368e+01 1.629957805907173096e+01 1.371448663853727190e+01 9.962025316455696000e+00 7.441631504922644247e+00 5.963431786216596420e-01 0.000000000000000000e+00 1.382559774964838173e+00 0.000000000000000000e+00 2.307032348804500543e+01 0.000000000000000000e+00 0.000000000000000000e+00 1.898734177215190000e-01 0.000000000000000000e+00 0.000000000000000000e+00 5.316455696202531112e-01 0.000000000000000000e+00 0.000000000000000000e+00 0.000000000000000000e+00 5.063291139240506666e-01 0.000000000000000000e+00 4.683544303797468333e-01 0.000000000000000000e+00 1.347398030942334790e+00 5.997187060478199605e+00 4.236286919831223408e+00 4.236286919831223408e+00 0.000000000000000000e+00 2.523206751054852148e+00 2.362869198312236296e-01 0.000000000000000000e+00 0.000000000000000000e+00
2.021097046413502074e+00 1.012658227848101250e-01 2.015471167369901728e+00 1.617721518987341867e+01 7.538677918424754321e-01 9.563994374120956543e-01 1.672292545710267309e+00 2.377777777777777857e+01 2.419127988748241975e-01 5.181434599156117926e+00 1.731645569620253156e+01 3.843178621659634331e+01 1.998734177215190044e+01 1.164275668073136494e+01 1.943319268635724484e+01 6.734177215189873777e+00 1.082981715893108349e-01 1.908298171589310854e+01 1.002812939521800173e+00 2.823628691983122252e+01 6.962025316455696666e-01 1.701828410689170124e-01 9.451476793248945185e-01 2.548523206751054815e+00 5.819971870604781827e+00 1.473417721518987378e+01 6.253164556962024889e+00 9.001406469760899753e-01 9.071729957805907407e-01 5.189873417721518889e-01 1.659634317862165864e-01 6.075949367088607778e-01 0.000000000000000000e+00 1.786216596343178642e-01 3.087201125175808691e+00 1.037974683544303778e+00 1.969057665260196988e+00 4.852320675105485370e-01 6.476793248945147852e+00 1.054430379746835378e+01 1.639943741209564099e+00 8.478199718706047605e+00 4.486638537271448457e-01 5.496483825597749728e+00 1.304781997187060405e+01 4.669479606188466914e-01 1.127988748241912864e+00 8.289732770745429136e+00 4.290014064697609086e+01 7.018284106891702345e-01 1.292123769338959249e+01 3.857102672292545975e+01 6.613220815752461235e+00 4.911392405063291555e+00 1.412798874824191309e+01 1.572573839662447170e+01 9.849507735583685530e+00 0.000000000000000000e+00 1.012517580872011180e+01 0.000000000000000000e+00 4.268213783403656691e+01 5.133614627285513210e-01 0.000000000000000000e+00 3.473980309423347346e-01 5.625879043600562346e-01 9.324894514767932963e-01 4.075949367088608000e+00 1.203938115330520420e+00 3.586497890295358704e-01 2.278481012658227778e-01 1.715893108298171543e-01 0.000000000000000000e+00 1.634317862165963531e+00 7.383966244725738148e-01 1.372714486638537235e+00 7.589310829817159210e+00 4.516174402250351605e+00 3.450070323488044988e+00 1.232067510548523259e+00 1.499296765119549901e+00 2.289732770745429136e+00 1.308016877637130926e-01 1.322081575246132346e-01
2.049226441631505136e+00 1.170182841068917012e+00 7.004219409282700370e-01 1.380168776371307970e+01 8.762306610407876173e-01 1.036568213783403580e+00 2.160337552742615852e+00 4.998734177215190044e+01 1.659634317862165864e-01 2.545710267229254753e-01 2.350210970464134963e+00 3.742334739803094124e+01 4.610689170182840968e+01 1.943319268635724484e+01 9.291139240506328889e+00 1.940928270042193982e-01 6.919831223628691852e-01 3.117299578059071763e+01 8.502109704641350518e+00 1.708860759493670756e+01 2.171026722925457264e+01 1.576230661040787595e+01 1.121378340365682114e+01 7.535864978902953482e+00 2.155977496483825462e+01 1.425597749648382617e+01 2.371448663853727012e+01 7.568213783403656691e+00 8.818565400843882074e+00 5.706047819971870716e+00 1.113924050632911333e+00 5.815752461322081679e+00 1.804500703234880543e+00 2.130801687763713037e+00 5.911392405063291555e+00 9.198312236286919630e-01 1.125175808720112514e+01 1.406469760900140642e+00 6.078762306610407506e+00 1.936708860759493689e+01 7.859353023909985581e+00 5.984528832630098272e+00 1.940928270042193982e-01 4.400843881856539852e+00 8.184247538677919209e+00 3.164556962025316666e-01 2.067510548523206759e-01 4.593530239099859358e+00 2.736568213783403536e+01 3.263009845288326050e-01 1.475386779184247432e+00 1.415049226441631447e+01 4.645569620253164445e+00 4.135021097046413630e+00 6.969057665260196543e+00 2.141772151898734222e+01 2.251758087201125136e+00 1.673699015471167284e-01 2.170182841068917057e+01 1.047819971870604716e+00 5.055133614627285255e+01 1.264838255977496395e+01 9.293952180028130172e+00 7.821378340365682469e+00 6.731364275668073383e+00 2.807313642756680938e+00 9.506329113924049778e+00 4.798874824191280197e+00 8.917018284106891235e-01 1.689170182841069012e+00 2.412095639943740988e+00 4.289732770745429136e-01 7.623066104078762173e+00 1.824191279887482420e+00 3.049226441631505136e+00 1.358227848101265778e+01 2.576652601969057876e+00 8.507735583684951308e+00 2.540084388185654074e+00 1.104078762306610395e+00 9.517580872011251358e+00 6.413502109704641851e-01 1.153305203938115309e+00
5.513361462728551210e+00 1.276793248945147674e+01 4.035161744022503605e+00 2.390998593530238914e+00 3.730520393811533353e+01 4.618143459915611970e+01 3.824050632911392711e+01 6.206047819971870894e+01 4.588748241912799131e+01 2.628691983122362785e+01 1.117440225035161738e+01 1.478199718706047827e+00 4.862165963431785976e+00 6.734177215189873777e+00 1.940928270042193982e-01 1.388748241912798953e+01 2.149929676511954924e+01 2.622925457102672198e+01 5.361603375527425897e+01 1.036005625879043635e+01 1.285513361462728543e+00 1.691983122362869185e+00 6.147679324894514963e+00 9.662447257383965926e-01 8.929676511954992790e+00 7.299578059071729630e-01 4.120956399437412099e-01 1.724331926863572395e+00 2.592967651195499457e+01 4.378481012658227911e+01 1.457383966244725748e+01 2.454571026722925353e+01 9.274261603375528296e+00 2.282981715893108188e+01 4.949085794655415071e+01 3.083263009845288494e+01 4.490717299578059141e+01 5.037130801687763437e+01 1.954992967651195401e-01 1.628691983122362963e+00 5.822784810126582222e-01 1.665260196905766543e+00 7.032348804500703210e-01 3.530239099859353025e-01 3.488045007032348765e-01 1.881856540084388296e+00 6.012658227848101333e+00 8.773558368495077531e+00 1.856118143459915615e+01 3.773558368495077531e+00 3.175527426160337541e+01 5.982841068917018390e+01 0.000000000000000000e+00 6.891701828410688735e-02 7.531645569620253333e+00 3.001406469760900197e+00 3.570323488045006854e+01 7.876230661040787284e-01 2.721378340365682291e+01 1.580872011251758025e+00 5.089170182841068879e+01 4.658227848101265778e+00 4.063291139240506666e+00 1.952180028129395284e+00 4.669479606188467358e+00 2.513361462728551210e+00 1.023909985935302469e+00 3.375527426160337408e-01 1.842475386779184321e-01 2.817158931082981876e+00 3.742616033755274074e+00 7.426160337552742963e-01 2.312236286919831407e+00 4.796061884669479691e-01 4.981715893108297877e+00 3.346132208157524701e+01 3.037552742616033896e+01 1.311673699015471151e+01 5.174402250351617383e+00 1.165963431786216642e+00 7.803094233473980346e+00 0.000000000000000000e+00 5.874824191279887309e+00
1.298874824191279842e+01 2.355696202531645511e+01 6.929676511954992790e+00 8.154711673699015506e+00 5.390154711673699239e+01 6.251336146272855387e+01 4.804360056258790479e+01 7.161744022503516760e+01 3.501125175808719803e+01 5.341068917018284168e+01 4.884669479606188247e+00 0.000000000000000000e+00 9.789029535864979259e-01 1.082981715893108349e-01 6.919831223628691852e-01 2.149929676511954924e+01 1.601406469760900109e+01 2.580872011251758025e+01 2.289873417721518933e+01 1.787904360056258923e+01 5.316455696202531112e-01 4.275668073136427716e-01 4.666666666666666963e+00 9.099859353023910247e-01 1.323628691983122430e+01 4.753867791842475432e-01 3.867791842475386543e-01 9.594936708860759111e+00 3.307454289732771002e+01 4.935583684950773886e+01 2.617580872011251714e+01 2.065541490857946627e+01 1.919549929676512079e+01 2.900421940928270104e+01 3.336990154711673995e+01 7.264416315049226469e+00 4.502812939521800217e+01 3.479043600562587812e+01 2.855133614627285432e-01 1.174402250351617383e+00 7.580872011251758025e-01 4.613220815752461235e-01 0.000000000000000000e+00 2.123769338959212438e-01 0.000000000000000000e+00 3.239099859353023803e+00 4.520393811533051753e+00 1.319971870604782005e+01 2.388748241912798775e+01 2.175808720112517580e+00 1.115330520393811531e+00 1.085794655414908494e+00 2.376933895921237716e-01 1.195499296765119568e-01 0.000000000000000000e+00 2.250351617440224938e-01 1.580872011251758025e+00 2.756680731364275494e-01 4.458509142053445728e+00 4.486638537271448457e-01 6.281293952180027951e+00 3.445850914205344506e-01 4.641350210970464074e-01 6.526019690576652099e-01 6.061884669479605803e-01 0.000000000000000000e+00 0.000000000000000000e+00 1.744022503516174383e-01 0.000000000000000000e+00 7.116736990154711728e-01 6.807313642756680494e-01 2.827004219409282593e-01 1.507735583684950864e+00 3.994374120956399321e-01 1.825597749648382617e+00 9.935302390998593580e+00 4.648382559774964840e+00 4.706047819971870716e+00 4.388185654008439074e-01 0.000000000000000000e+00 8.101265822784810000e-01 0.000000000000000000e+00 3.019690576652601877e+00
4.062869198312236563e+01 2.842756680731364227e+01 1.153867791842475299e+01 2.101547116736990262e+01 2.374261603375527585e+01 2.903797468354430222e+01 3.636286919831223940e+01 5.323628691983122252e+01 3.127707454289732780e+01 5.434880450070323832e+01 1.900843881856540207e+01 9.729957805907172741e+00 1.646694796061884603e+01 1.908298171589310854e+01 3.117299578059071763e+01 2.622925457102672198e+01 2.580872011251758025e+01 1.353867791842475299e+01 3.191420534458509195e+01 1.383263009845288316e+01 1.452320675105485215e+01 2.646272855133614499e+01 2.432770745428973314e+01 4.433052039381153264e+01 5.716315049226441403e+01 5.337693389592124049e+01 4.320253164556962133e+01 3.948241912798874864e+01 6.686357243319268662e+01 7.237974683544304355e+01 4.671729957805906963e+01 6.473417721518987378e+01 3.998593530239099891e+01 5.393811533052039664e+01 5.245991561181434548e+01 3.042194092827004326e+01 6.140787623066103862e+01 5.306751054852320948e+01 4.638537271448663901e+00 5.781575246132208434e+01 2.085372714486638657e+01 2.239521800281293906e+01 1.126441631504922647e+01 2.052039381153305087e+00 3.478199718706047605e+00 9.381153305203937975e+00 8.016877637130802370e+00 1.157243319268635773e+01 1.533052039381153264e+01 4.049226441631504692e+00 2.895921237693389472e+01 6.308157524613221057e+01 6.047819971870604938e-01 1.255977496483825506e+00 1.326019690576652543e+01 2.403797468354430222e+01 4.248101265822784711e+01 3.535864978902953482e+00 1.071758087201125136e+02 2.690154711673698884e+01 9.123066104078762351e+01 1.096118143459915615e+02 1.066638537271448683e+02 1.043277074542897367e+02 8.031645569620253866e+01 3.132489451476793363e+01 1.899859353023909847e+01 1.157665260196905699e+01 5.631504922644163358e+00 4.780872011251758380e+01 7.006469760900141353e+01 4.883263009845288494e+00 7.046554149085794450e+01 1.111673699015471151e+01 5.570464135021097007e+01 8.859915611814345482e+01 5.053305203938115397e+01 9.430098452883262894e+01 5.350351617440225027e+01 1.646976090014064642e+00 5.172714486638537323e+01 2.320675105485232148e+00 5.234036568213783625e+01
4.925175808720112514e+01 3.450210970464134874e+01 2.032489451476793363e+01 3.519971870604781827e+01 3.326300984528832316e+01 4.815752461322081501e+01 5.132067510548522904e+01 6.431082981715893254e+01 4.588466947960618825e+01 6.280450070323487921e+01 8.059071729957805630e+00 4.767932489451476852e-01 6.624472573839662592e-01 1.002812939521800173e+00 8.502109704641350518e+00 5.361603375527425897e+01 2.289873417721518933e+01 3.191420534458509195e+01 1.550210970464135052e+01 4.158087201125175625e+01 1.130942334739803101e+01 1.530379746835443022e+01 1.881575246132208079e+01 2.606751054852320593e+01 4.938115330520393798e+01 2.536005625879043635e+01 2.406047819971870538e+01 4.636286919831223940e+01 4.720815752461322035e+01 3.574964838255977639e+01 2.112939521800281284e+01 6.500984528832630360e+01 3.609704641350211318e+01 5.735021097046413274e+01 4.848241912798874864e+01 1.639240506329113956e+01 5.884950773558368553e+01 5.436005625879043635e+01 3.825597749648382617e+00 3.714205344585091240e+01 1.643037974683544178e+01 8.234880450070322766e+00 2.758087201125175802e+00 1.185654008438818519e+00 4.106891701828410679e-01 5.143459915611813926e+00 3.819971870604781827e+00 5.998593530239100247e+00 1.299156118143459970e+01 2.406469760900140642e+00 4.445850914205344395e+00 3.039381153305203753e+00 1.926863572433192562e-01 1.322081575246132346e-01 1.265822784810126667e-01 1.503516174402250272e+00 4.026722925457102420e+00 2.728551336146272654e-01 5.942475386779184277e+01 1.141490857946554094e+01 5.828410689170183190e+01 4.656258790436005768e+01 4.765822784810126933e+01 4.966807313642756583e+01 2.485232067510548504e+01 6.897327707454289580e+00 1.987341772151898667e+00 5.499296765119550123e-01 3.853727144866385124e-01 1.185654008438818607e+01 2.354852320675105659e+01 1.579465541490858049e+00 2.980450070323487921e+01 4.268635724331926617e+00 2.435583684950773531e+01 5.377777777777777857e+01 1.191561181434599170e+01 5.248101265822784711e+01 2.248382559774964662e+01 7.988748241912798642e-01 1.007454289732770825e+01 3.347398030942334568e-01 4.279606188466947714e+01
