,0,1,2,3,4,5,6,7,8,9,10,11,12,13,14,15,16,17,18,19,20,21,22,23,24,25,26,27,28,29,30,31,32,33,34,35,36,37,38,39,40,41,42,43,44,45,46,47,48,49,50,51,52,53,54,55,56,57,58,59,60,61,62,63,64,65,66,67,68,69,70,71,72,73,74,75,76,77,78,79,80,81,82
0,14514.869198312237,1433.1378340365682,409.9690576652602,2044.2981715893109,209.60759493670886,5.247538677918425,841.8607594936709,21.40928270042194,0.015471167369901548,0.5443037974683544,0.015471167369901548,26.870604781997187,1.6919831223628692,0.3333333333333333,0.12939521800281295,0.42053445850914206,2.769338959212377,13.244725738396625,31.70042194092827,0.8551336146272855,2.0126582278481013,12.468354430379748,34.68917018284107,54.9887482419128,8.482419127988749,2.5274261603375527,0.34177215189873417,69.75246132208157,13.10126582278481,67.72151898734177,3.479606188466948,351.41209563994374,0.30942334739803096,1496.2165963431787,6.210970464135021,108.82137834036568,713.9648382559775,1.1237693389592123,48.38677918424754,4.19690576652602,0.5358649789029536,14.091420534458509,0.2587904360056259,4.198312236286919,45.668073136427566,0.0379746835443038,0.0028129395218002813,3.3220815752461323,8.547116736990155,0.0,0.005625879043600563,0.0014064697609001407,6.393811533052039,2.711673699015471,0.9901547116736991,0.19971870604781997,0.0,0.0,0.3431786216596343,0.029535864978902954,0.8270042194092827,0.15330520393811534,0.29957805907172996,0.39381153305203936,0.13783403656821377,0.004219409282700422,0.0,0.0,0.03938115330520394,0.03375527426160337,0.18143459915611815,0.03656821378340366,0.0379746835443038,0.0,0.02390998593530239,0.5668073136427567,7.005625879043601,0.3108298171589311,0.011251758087201125,2.277074542897328,0.02250351617440225,0.0,0.3066104078762307
1,1433.1378340365682,3289.3544303797466,108.41350210970464,47.077355836849506,935.4542897327707,34.90576652601969,1236.9099859353023,162.0478199718706,0.870604781997187,4.265822784810126,0.005625879043600563,0.10829817158931083,0.15471167369901548,0.0014064697609001407,0.06891701828410689,3.2545710267229255,6.29535864978903,5.509142053445851,9.90436005625879,0.6540084388185654,0.7482419127988749,5.241912798874824,13.153305203938116,23.160337552742615,7.170182841068917,1.9915611814345993,0.026722925457102673,4.471167369901547,5.334739803094234,24.689170182841067,0.3150492264416315,38.46413502109704,0.2630098452883263,477.732770745429,74.91420534458508,79.52742616033755,1052.7271448663853,11.68917018284107,0.5513361462728551,3.423347398030942,0.27285513361462727,0.6146272855133614,1.5218002812939522,0.6188466947960619,0.9760900140646976,0.05063291139240506,0.0028129395218002813,8.79746835443038,3.0337552742616034,0.0,0.0,0.0,0.14345991561181434,0.0028129395218002813,0.0014064697609001407,0.0,0.0,0.0,0.3066104078762307,0.004219409282700422,0.07735583684950774,0.08579465541490858,0.14486638537271448,0.09845288326300984,0.26582278481012656,0.011251758087201125,0.0014064697609001407,0.0,0.0,0.03234880450070324,0.029535864978902954,0.0,0.008438818565400843,0.0,0.0014064697609001407,0.4050632911392405,0.29535864978902954,0.19971870604781997,0.02812939521800281,0.01828410689170183,0.0829817158931083,0.0,0.10970464135021098
2,409.9690576652602,108.41350210970464,661.2025316455696,386.51336146272854,21.552742616033754,0.30520393811533053,476.8129395218003,167.77918424753867,0.24050632911392406,0.350210970464135,0.01969057665260197,1.4149085794655414,0.6047819971870605,0.25738396624472576,0.035161744022503515,0.4149085794655415,1.3080168776371308,1.20112517580872,4.026722925457102,0.23066104078762306,0.057665260196905765,0.5246132208157525,3.632911392405063,3.469760900140647,1.120956399437412,0.17721518987341772,0.007032348804500703,6.330520393811533,2.6315049226441634,14.561181434599156,0.8030942334739803,32.38396624472574,0.27848101265822783,64.12798874824192,30.216596343178622,173.20675105485233,436.13502109704643,9.440225035161744,7.090014064697609,0.05907172995780591,0.11954992967651196,22.19127988748242,2.8087201125175807,78.44725738396625,99.13783403656821,0.2559774964838256,0.0014064697609001407,97.971870604782,75.59212376933895,0.1631504922644163,0.053445850914205346,0.009845288326300985,6.593530239099859,1.2025316455696202,0.33052039381153303,0.11954992967651196,0.008438818565400843,0.0,0.02109704641350211,0.0,0.659634317862166,0.01969057665260197,0.0028129395218002813,0.008438818565400843,0.015471167369901548,0.0,0.0,0.0,0.015471167369901548,0.004219409282700422,0.03656821378340366,0.0,0.08016877637130802,0.0,0.008438818565400843,0.42756680731364277,7.7735583684950775,0.18846694796061886,0.005625879043600563,1.419127988748242,0.009845288326300985,0.0,0.0379746835443038
3,2044.2981715893109,47.077355836849506,386.51336146272854,9326.026722925457,4.533052039381153,0.03656821378340366,43.93952180028129,613.9549929676512,0.035161744022503515,0.11251758087201125,0.4247538677918425,565.3783403656821,30.533052039381154,6.725738396624473,3.4219409282700424,0.11814345991561181,1.248945147679325,3.4331926863572435,12.720112517580873,9.218002812939522,0.3924050632911392,1.0970464135021096,7.510548523206751,9.714486638537272,2.319268635724332,0.41068917018284107,0.27285513361462727,55.67229254571027,8.985935302390999,53.326300984528835,2.5358649789029535,239.21800281293952,0.20956399437412096,182.52601969057665,7.739803094233474,664.5836849507735,933.0942334739804,3.09845288326301,506.9704641350211,0.2981715893108298,0.11251758087201125,421.6244725738397,5.142053445850914,327.8424753867792,789.0970464135021,0.17158931082981715,0.01828410689170183,401.8523206751055,216.85513361462728,0.01969057665260197,0.0379746835443038,0.02250351617440225,98.32630098452883,26.720112517580873,7.7454289732770745,2.160337552742616,0.035161744022503515,0.0,0.02812939521800281,0.014064697609001406,2.7637130801687766,0.004219409282700422,0.14345991561181434,0.03375527426160337,0.012658227848101266,0.014064697609001406,0.026722925457102673,0.0,0.7848101265822784,0.030942334739803096,0.459915611814346,0.10548523206751055,1.419127988748242,0.0,0.5569620253164557,0.180028129395218,91.81153305203938,1.8382559774964837,0.004219409282700422,30.869198312236286,0.029535864978902954,0.007032348804500703,0.08438818565400844
4,209.60759493670886,935.4542897327707,21.552742616033754,4.533052039381153,6098.649789029536,1450.6118143459917,2629.2334739803096,650.7791842475386,39.90154711673699,60.635724331926866,0.25035161744022505,0.39381153305203936,0.32489451476793246,0.11673699015471167,0.03656821378340366,12.388185654008439,51.225035161744024,4.122362869198312,12.534458509142054,0.3037974683544304,0.5147679324894515,2.2236286919831225,5.890295358649789,11.649789029535865,2.409282700421941,0.27848101265822783,0.02531645569620253,0.5133614627285513,3.4458509142053444,13.51054852320675,2.167369901547117,17.441631504922643,0.37412095639943743,1538.042194092827,152.65119549929676,61.19268635724332,968.1462728551336,20.427566807313642,0.007032348804500703,1.5260196905766525,0.0,0.2883263009845288,1.3741209563994374,0.28270042194092826,0.9648382559774965,1.458509142053446,0.08016877637130802,13.478199718706048,7.053445850914206,0.08438818565400844,0.026722925457102673,0.004219409282700422,0.12376933895921238,0.2222222222222222,0.02109704641350211,0.0014064697609001407,0.0028129395218002813,0.0,0.03938115330520394,0.004219409282700422,0.07735583684950774,0.011251758087201125,0.05485232067510549,0.06047819971870605,0.1631504922644163,0.0,0.0,0.0,0.0,0.02531645569620253,0.009845288326300985,0.0,0.0028129395218002813,0.0,0.02812939521800281,0.21378340365682139,0.36146272855133615,0.23066104078762306,0.02390998593530239,0.007032348804500703,0.014064697609001406,0.0,0.007032348804500703
5,5.247538677918425,34.90576652601969,0.30520393811533053,0.03656821378340366,1450.6118143459917,4283.773558368495,1323.6441631504922,1497.4753867791842,1237.929676511955,2647.7229254571025,1.2180028129395217,0.06047819971870605,0.2222222222222222,0.20956399437412096,0.01969057665260197,43.20956399437412,272.67791842475384,18.133614627285514,82.54992967651195,0.739803094233474,0.015471167369901548,0.12939521800281295,0.44585091420534456,0.9437412095639943,0.909985935302391,0.008438818565400843,0.004219409282700422,0.008438818565400843,11.89592123769339,40.42475386779184,8.11251758087201,28.535864978902953,1.970464135021097,970.028129395218,30.744022503516174,9.078762306610408,267.2039381153305,7.638537271448664,0.0,0.015471167369901548,0.0,0.01828410689170183,0.16736990154711673,0.007032348804500703,0.005625879043600563,2.040787623066104,2.230661040787623,13.718706047819971,15.988748241912798,0.5752461322081576,0.09142053445850915,0.02531645569620253,0.005625879043600563,0.18565400843881857,0.13783403656821377,0.008438818565400843,0.029535864978902954,0.0,0.02531645569620253,0.0028129395218002813,0.040787623066104076,0.004219409282700422,0.015471167369901548,0.009845288326300985,0.0014064697609001407,0.0,0.0,0.0,0.0,0.009845288326300985,0.011251758087201125,0.0,0.004219409282700422,0.0,0.19549929676511954,1.3023909985935302,1.0042194092827004,0.7468354430379747,0.014064697609001406,0.0,0.0,0.0,0.0028129395218002813
6,841.8607594936709,1236.9099859353023,476.8129395218003,43.93952180028129,2629.2334739803096,1323.6441631504922,30454.222222222223,3878.8931082981717,2155.324894514768,467.38677918424753,0.5189873417721519,0.4936708860759494,1.0759493670886076,0.19127988748241911,0.10267229254571027,25.066104078762308,58.41631504922644,14.717299578059071,63.729957805907176,0.2869198312236287,0.5949367088607594,1.5850914205344586,18.157524613220815,18.21518987341772,7.455696202531645,1.0267229254571026,0.09142053445850915,8.728551336146273,14.542897327707454,40.21237693389592,3.4725738396624473,57.28129395218003,1.1026722925457102,193.1336146272855,366.51476793248946,393.91420534458507,1489.3909985935302,59.52461322081575,1.769338959212377,0.7046413502109705,0.08016877637130802,8.880450070323487,6.160337552742616,16.263009845288327,27.952180028129394,3.5372714486638537,2.068917018284107,121.73277074542898,138.1772151898734,2.3572433192686355,0.16877637130801687,0.07313642756680731,1.829817158931083,0.9831223628691983,0.4388185654008439,0.11814345991561181,0.04360056258790436,0.0,0.09282700421940929,0.02250351617440225,0.47257383966244726,0.03656821378340366,0.08860759493670886,0.11392405063291139,0.053445850914205346,0.0,0.007032348804500703,0.0,0.0028129395218002813,0.007032348804500703,0.08579465541490858,0.0,0.18424753867791843,0.0,0.42616033755274263,3.2742616033755274,9.555555555555555,1.808720112517581,0.029535864978902954,0.3488045007032349,0.03938115330520394,0.0028129395218002813,0.1209563994374121
7,21.40928270042194,162.0478199718706,167.77918424753867,613.9549929676512,650.7791842475386,1497.4753867791842,3878.8931082981717,28894.00140646976,3744.4416315049225,3041.646976090014,788.2644163150492,1012.8677918424754,1669.0928270042193,765.4191279887482,118.37552742616033,87.24191279887482,208.9985935302391,28.72573839662447,106.74120956399437,576.5949367088608,0.07454289732770746,0.10829817158931083,1.3769338959212376,1.0168776371308017,0.9437412095639943,4.234880450070324,0.4360056258790436,1.288326300984529,4.028129395218003,22.51758087201125,2.8776371308016877,19.081575246132207,0.6722925457102672,203.8087201125176,641.8973277074543,210.35443037974684,894.8410689170183,148.57102672292547,6.129395218002813,0.9170182841068917,0.005625879043600563,42.17862165963432,35.67229254571027,166.1983122362869,182.9479606188467,26.620253164556964,40.83403656821378,1258.7215189873418,6411.0154711673695,65.45850914205344,56.735583684950775,187.35724331926863,53.895921237693386,59.78340365682138,29.632911392405063,5.2883263009845285,1.4627285513361463,0.1420534458509142,0.7524613220815752,0.11814345991561181,18.056258790436004,0.06891701828410689,0.07454289732770746,0.0829817158931083,0.2672292545710267,0.03375527426160337,0.05063291139240506,0.015471167369901548,0.12939521800281295,0.08016877637130802,0.11954992967651196,0.02109704641350211,0.4177215189873418,0.0,11.237693389592124,76.9817158931083,127.87341772151899,31.985935302391,3.1153305203938118,2.9859353023909985,0.5119549929676512,0.0014064697609001407,0.004219409282700422
8,0.015471167369901548,0.870604781997187,0.24050632911392406,0.035161744022503515,39.90154711673699,1237.929676511955,2155.324894514768,3744.4416315049225,7474.7510548523205,3855.0337552742617,6.625879043600563,0.0,0.015471167369901548,0.007032348804500703,0.0014064697609001407,196.50070323488046,40.942334739803094,47.042194092827,192.0717299578059,0.3755274261603376,0.06329113924050633,0.11954992967651196,0.6821378340365682,0.009845288326300985,0.17580872011251758,0.0,0.0,0.09985935302390998,19.60056258790436,45.219409282700425,1.7580872011251758,4.0014064697609,0.2320675105485232,4.313642756680731,76.24894514767932,49.60337552742616,73.78199718706048,7.433192686357243,0.0014064697609001407,0.02812939521800281,0.0,0.02812939521800281,0.35864978902953587,0.029535864978902954,0.02109704641350211,3.6469760900140646,6.824191279887482,20.426160337552744,68.68635724331926,12.258790436005626,1.680731364275668,0.45147679324894513,0.0,0.350210970464135,0.18706047819971872,0.01828410689170183,0.10267229254571027,0.0028129395218002813,0.004219409282700422,0.01828410689170183,0.2714486638537271,0.0014064697609001407,0.0014064697609001407,0.0014064697609001407,0.004219409282700422,0.0,0.0014064697609001407,0.0,0.0,0.0028129395218002813,0.01828410689170183,0.0,0.0,0.0,0.6413502109704642,6.718706047819972,16.945147679324894,1.9338959212376934,0.2559774964838256,0.011251758087201125,0.015471167369901548,0.0,0.004219409282700422
9,0.5443037974683544,4.265822784810126,0.350210970464135,0.11251758087201125,60.635724331926866,2647.7229254571025,467.38677918424753,3041.646976090014,3855.0337552742617,17560.835443037973,857.7426160337553,0.035161744022503515,0.32770745428973275,4.181434599156118,0.005625879043600563,9554.507735583686,1224.70323488045,564.5850914205345,1573.6990154711673,5.879043600562588,0.3628691983122363,0.1617440225035162,3.192686357243319,0.08157524613220815,3.2123769338959214,0.16033755274261605,0.07172995780590717,0.36427566807313644,113.55133614627286,261.60478199718705,19.376933895921237,24.192686357243318,2.3628691983122363,719.2798874824191,839.5682137834036,105.18284106891701,746.9873417721519,354.14205344585093,0.08860759493670886,0.2348804500703235,0.0028129395218002813,0.11533052039381153,0.03375527426160337,0.040787623066104076,0.008438818565400843,1.0506329113924051,6.40365682137834,4.905766526019691,74.19690576652602,8.163150492264416,80.18424753867792,232.943741209564,0.0014064697609001407,0.015471167369901548,2.4416315049226442,0.24472573839662448,10.070323488045007,0.05907172995780591,3.060478199718706,0.07735583684950774,20.48241912798875,0.015471167369901548,0.040787623066104076,0.009845288326300985,0.25035161744022505,0.057665260196905765,0.05907172995780591,0.004219409282700422,0.0028129395218002813,0.026722925457102673,0.02109704641350211,0.01969057665260197,0.01828410689170183,0.0,2.807313642756681,21.39943741209564,43.250351617440224,2.990154711673699,0.4781997187060478,0.13783403656821377,0.7074542897327707,0.0,1.039381153305204
10,0.015471167369901548,0.005625879043600563,0.01969057665260197,0.4247538677918425,0.25035161744022505,1.2180028129395217,0.5189873417721519,788.2644163150492,6.625879043600563,857.7426160337553,6610.6469760900145,11.960618846694796,118.40225035161744,1025.5189873417721,1.348804500703235,881.1786216596344,0.8593530239099859,200.9409282700422,3.1870604781997187,1045.931082981716,0.0014064697609001407,0.0028129395218002813,0.02250351617440225,0.0,0.0,0.015471167369901548,0.0,0.0,0.21237693389592124,0.770745428973277,0.22784810126582278,1.1434599156118144,0.6258790436005626,12.182841068917018,192.77074542897327,31.81153305203938,83.10126582278481,61.111111111111114,0.09423347398030943,0.004219409282700422,0.004219409282700422,0.26019690576652604,0.008438818565400843,0.05485232067510549,0.22081575246132207,0.02109704641350211,0.4289732770745429,0.8396624472573839,200.14486638537272,0.5654008438818565,261.16315049226444,1217.7144866385372,0.07876230661040788,0.10689170182841069,28.42053445850914,3.0661040787623066,83.49789029535864,0.09563994374120956,55.49789029535865,0.3009845288326301,256.22644163150494,0.0450070323488045,0.10829817158931083,0.03938115330520394,0.5935302390998594,0.08860759493670886,0.08016877637130802,0.0028129395218002813,0.007032348804500703,0.10548523206751055,0.12939521800281295,0.0014064697609001407,0.17158931082981715,0.0014064697609001407,0.7215189873417721,58.53727144866385,61.042194092827,3.142053445850914,1.9648382559774964,0.2222222222222222,1.9957805907172996,0.0,0.7341772151898734
11,26.870604781997187,0.10829817158931083,1.4149085794655414,565.3783403656821,0.39381153305203936,0.06047819971870605,0.4936708860759494,1012.8677918424754,0.0,0.035161744022503515,11.960618846694796,1701.0210970464136,501.62869198312234,90.82841068917018,37.68917018284107,0.14345991561181434,0.0,3.3938115330520393,0.01828410689170183,126.28551336146273,0.011251758087201125,0.008438818565400843,0.06047819971870605,0.0379746835443038,0.012658227848101266,0.37412095639943743,0.02390998593530239,0.5991561181434599,0.035161744022503515,0.46835443037974683,0.007032348804500703,2.718706047819972,0.0,1.4641350210970465,0.5133614627285513,3.9127988748241913,43.0225035161744,0.13783403656821377,179.57243319268636,0.1279887482419128,0.0,47.0478199718706,0.4641350210970464,23.924050632911392,56.82700421940928,0.20534458509142053,0.035161744022503515,28.12798874824191,92.73277074542898,0.0028129395218002813,0.011251758087201125,0.10267229254571027,21.518987341772153,8.69479606188467,0.9156118143459916,0.2742616033755274,0.008438818565400843,0.0,0.0014064697609001407,0.0,0.42616033755274263,0.0,0.0,0.0,0.0,0.0014064697609001407,0.0,0.0,0.008438818565400843,0.0,0.0,0.0,0.03234880450070324,0.0,0.03234880450070324,0.08438818565400844,8.19409282700422,0.3881856540084388,0.004219409282700422,4.059071729957806,0.0,0.0,0.0
12,1.6919831223628692,0.15471167369901548,0.6047819971870605,30.533052039381154,0.32489451476793246,0.2222222222222222,1.0759493670886076,1669.0928270042193,0.015471167369901548,0.32770745428973275,118.40225035161744,501.62869198312234,2150.5935302391,842.8466947960619,168.1279887482419,0.9845288326300985,0.07172995780590717,24.09704641350211,0.0379746835443038,777.0872011251759,0.0028129395218002813,0.0,0.0,0.4571026722925457,0.053445850914205346,5.7735583684950775,0.8382559774964838,0.02812939521800281,0.007032348804500703,0.035161744022503515,0.0,0.06610407876230662,0.0,0.3670886075949367,0.26019690576652604,0.2869198312236287,1.0928270042194093,0.07876230661040788,7.694796061884669,1.1954992967651195,0.016877637130801686,4.594936708860759,0.0829817158931083,5.157524613220816,14.637130801687764,0.3009845288326301,0.27285513361462727,7.043600562587905,162.28832630098452,0.10267229254571027,0.11673699015471167,1.4514767932489452,5.776371308016878,19.028129395218002,1.2320675105485233,0.4641350210970464,0.005625879043600563,0.0,0.1209563994374121,0.0,1.541490857946554,0.0,0.0,0.0014064697609001407,0.0,0.0,0.004219409282700422,0.0,0.0,0.0,0.005625879043600563,0.0,0.004219409282700422,0.0,0.04781997187060478,0.3108298171589311,0.5246132208157525,0.3206751054852321,0.0,0.5963431786216596,0.0014064697609001407,0.0,0.0
13,0.3333333333333333,0.0014064697609001407,0.25738396624472576,6.725738396624473,0.11673699015471167,0.20956399437412096,0.19127988748241911,765.4191279887482,0.007032348804500703,4.181434599156118,1025.5189873417721,90.82841068917018,842.8466947960619,3756.659634317862,739.9732770745429,9.150492264416314,0.2559774964838256,44.009845288326304,0.0759493670886076,2197.8143459915614,0.05485232067510549,0.0014064697609001407,0.009845288326300985,0.9310829817158931,0.7791842475386779,14.949367088607595,1.7960618846694796,0.11533052039381153,0.11673699015471167,0.12658227848101267,0.0028129395218002813,0.02812939521800281,0.0,0.012658227848101266,0.33052039381153303,0.04360056258790436,0.2320675105485232,0.053445850914205346,1.7932489451476794,5.20393811533052,0.19690576652601968,0.8270042194092827,0.004219409282700422,0.7693389592123769,2.8734177215189876,0.011251758087201125,0.02531645569620253,0.4781997187060478,57.84388185654009,0.015471167369901548,3.6624472573839664,127.81012658227849,0.6849507735583685,0.6666666666666666,14.547116736990155,11.853727144866385,2.7665260196905765,0.0,3.6272855133614628,0.0,115.24191279887482,0.015471167369901548,0.0,0.01828410689170183,0.06469760900140648,0.029535864978902954,0.38396624472573837,0.08438818565400844,0.0028129395218002813,0.02390998593530239,0.0014064697609001407,0.0,0.1828410689170183,0.008438818565400843,0.06891701828410689,1.3473980309423348,0.4008438818565401,0.2250351617440225,0.046413502109704644,0.15471167369901548,0.2559774964838256,0.0014064697609001407,0.0014064697609001407
14,0.12939521800281295,0.06891701828410689,0.035161744022503515,3.4219409282700424,0.03656821378340366,0.01969057665260197,0.10267229254571027,118.37552742616033,0.0014064697609001407,0.005625879043600563,1.348804500703235,37.68917018284107,168.1279887482419,739.9732770745429,2228.1181434599157,0.016877637130801686,0.350210970464135,65.64135021097046,3.839662447257384,2092.2981715893106,15.047819971870604,6.070323488045007,3.9535864978902953,132.72573839662448,18.762306610407876,283.0478199718706,25.50351617440225,2.288326300984529,2.059071729957806,0.9873417721518988,0.12939521800281295,2.7876230661040786,0.9043600562587905,0.18706047819971872,2.3473980309423346,0.016877637130801686,2.80028129395218,0.12517580872011252,1.5077355836849509,99.27566807313643,2.6751054852320677,0.29535864978902954,0.011251758087201125,0.20956399437412096,1.261603375527426,0.011251758087201125,0.0014064697609001407,0.21237693389592124,2.926863572433193,0.015471167369901548,0.08438818565400844,3.4036568213783402,0.14064697609001406,0.23066104078762306,3.7946554149085796,34.75668073136428,0.40646976090014064,0.005625879043600563,3.2165963431786215,0.10970464135021098,100.33614627285513,1.1111111111111112,0.5007032348804501,0.6230661040787623,0.9310829817158931,0.12939521800281295,1.8663853727144866,0.38959212376933894,0.02812939521800281,0.046413502109704644,0.16033755274261605,0.012658227848101266,0.8832630098452883,0.360056258790436,0.4360056258790436,2.7412095639943743,0.45569620253164556,1.039381153305204,0.20956399437412096,0.04360056258790436,1.2770745428973278,0.015471167369901548,0.04781997187060478
15,0.42053445850914206,3.2545710267229255,0.4149085794655415,0.11814345991561181,12.388185654008439,43.20956399437412,25.066104078762308,87.24191279887482,196.50070323488046,9554.507735583686,881.1786216596344,0.14345991561181434,0.9845288326300985,9.150492264416314,0.016877637130801686,17922.973277074543,3166.2728551336145,3007.0056258790437,918.4683544303797,92.02672292545711,0.38396624472573837,0.9240506329113924,4.531645569620253,0.30239099859353025,5.369901547116737,0.06610407876230662,0.06891701828410689,0.1420534458509142,65.24331926863573,95.25316455696202,5.514767932489452,29.421940928270043,8.212376933895921,715.2841068917019,577.393811533052,49.344585091420534,888.7215189873418,371.40787623066103,0.007032348804500703,0.5344585091420534,0.04219409282700422,0.05485232067510549,0.06891701828410689,0.004219409282700422,0.02812939521800281,0.08016877637130802,0.7046413502109705,1.2672292545710266,1.9760900140646975,0.4964838255977497,13.717299578059071,110.0956399437412,0.0,0.0028129395218002813,2.6427566807313645,0.40365682137834036,41.077355836849506,0.04781997187060478,22.07313642756681,0.06047819971870605,65.29817158931083,0.48523206751054854,0.24331926863572434,0.053445850914205346,0.9901547116736991,0.11533052039381153,0.06188466947960619,0.008438818565400843,0.008438818565400843,0.360056258790436,0.42053445850914206,0.026722925457102673,0.5864978902953587,0.38255977496483823,1.170182841068917,31.136427566807313,21.49367088607595,2.210970464135021,0.7074542897327707,0.057665260196905765,2.4374120956399437,0.0,1.5668073136427567
16,2.769338959212377,6.29535864978903,1.3080168776371308,1.248945147679325,51.225035161744024,272.67791842475384,58.41631504922644,208.9985935302391,40.942334739803094,1224.70323488045,0.8593530239099859,0.0,0.07172995780590717,0.2559774964838256,0.350210970464135,3166.2728551336145,15250.090014064697,1725.2587904360057,2191.7088607594937,15.729957805907173,0.005625879043600563,0.011251758087201125,0.5218002812939522,0.02531645569620253,5.623066104078762,0.015471167369901548,0.01969057665260197,3.1701828410689172,70.0182841068917,809.2264416315049,625.0478199718706,1061.942334739803,231.45007032348803,1337.689170182841,54.82419127988748,2.257383966244726,1261.3192686357243,49.628691983122366,0.011251758087201125,0.170182841068917,0.5541490857946554,0.014064697609001406,0.0,0.007032348804500703,0.0,0.41068917018284107,0.29535864978902954,4.846694796061884,3.0028129395218004,0.09282700421940929,0.06891701828410689,0.10548523206751055,0.0014064697609001407,0.004219409282700422,0.0,0.0028129395218002813,1.2841068917018283,0.005625879043600563,1.8635724331926864,0.07313642756680731,0.7918424753867792,0.016877637130801686,0.03656821378340366,0.026722925457102673,0.009845288326300985,0.0,0.0,0.0014064697609001407,0.0,0.07876230661040788,0.016877637130801686,0.0028129395218002813,0.08860759493670886,0.009845288326300985,0.07032348804500703,2.7721518987341773,0.44163150492264414,0.7651195499296765,0.008438818565400843,0.0,0.12376933895921238,0.0,0.5639943741209564
17,13.244725738396625,5.509142053445851,1.20112517580872,3.4331926863572435,4.122362869198312,18.133614627285514,14.717299578059071,28.72573839662447,47.042194092827,564.5850914205345,200.9409282700422,3.3938115330520393,24.09704641350211,44.009845288326304,65.64135021097046,3007.0056258790437,1725.2587904360057,21025.54711673699,7545.419127988748,2593.4275668073137,1227.2081575246132,411.72433192686356,1711.1504922644162,297.2447257383966,358.8846694796062,81.52039381153305,11.739803094233475,7.684950773558368,209.48523206751054,406.351617440225,81.0056258790436,731.7974683544304,91.86497890295358,129.58227848101265,1582.198312236287,74.92123769338959,666.2728551336146,191.8790436005626,0.42334739803094235,179.2545710267229,2.530239099859353,2.4050632911392404,0.49929676511954996,0.03234880450070324,0.10548523206751055,0.2841068917018284,0.90014064697609,0.5358649789029536,0.8045007032348804,0.3178621659634318,10.621659634317862,183.63009845288326,0.007032348804500703,0.08438818565400844,5.084388185654008,9.39099859353024,47.566807313642755,0.7580872011251758,595.0520393811533,15.732770745428974,1228.3684950773559,286.8677918424754,190.60900140646976,211.33473980309424,54.60337552742616,3.7243319268635724,1.7046413502109705,0.3037974683544304,0.11533052039381153,8.769338959212376,20.623066104078763,0.38255977496483823,54.620253164556964,3.180028129395218,16.558368495077357,330.32208157524616,49.29676511954993,110.41631504922644,15.848101265822784,0.1420534458509142,18.243319268635723,0.2742616033755274,22.689170182841067
18,31.70042194092827,9.90436005625879,4.026722925457102,12.720112517580873,12.534458509142054,82.54992967651195,63.729957805907176,106.74120956399437,192.0717299578059,1573.6990154711673,3.1870604781997187,0.01828410689170183,0.0379746835443038,0.0759493670886076,3.839662447257384,918.4683544303797,2191.7088607594937,7545.419127988748,21360.57946554149,166.67229254571026,3.4374120956399437,2.7369901547116737,1968.5738396624472,21.71448663853727,462.6807313642757,22.91561181434599,11.880450070323487,29.20815752461322,1520.829817158931,3856.8354430379745,931.3333333333334,903.606188466948,51.0210970464135,147.0857946554149,928.4022503516175,18.0070323488045,754.7454289732771,215.0506329113924,0.37412095639943743,104.27848101265823,4.4739803094233475,0.4345991561181435,0.3080168776371308,0.011251758087201125,0.02531645569620253,0.05485232067510549,0.5021097046413502,0.189873417721519,0.9353023909985936,0.27848101265822783,0.6779184247538678,0.41631504922644164,0.004219409282700422,0.0014064697609001407,0.005625879043600563,0.06610407876230662,0.5864978902953587,0.03938115330520394,43.55133614627285,2.5063291139240507,62.92545710267229,21.959212376933895,21.19831223628692,19.014064697609,4.628691983122363,0.6835443037974683,0.090014064697609,0.007032348804500703,0.008438818565400843,1.3741209563994374,6.952180028129395,0.05063291139240506,19.713080168776372,0.5344585091420534,5.075949367088608,58.9592123769339,4.019690576652602,29.0168776371308,3.4739803094233475,0.052039381153305204,1.6244725738396624,0.005625879043600563,19.90857946554149
19,0.8551336146272855,0.6540084388185654,0.23066104078762306,9.218002812939522,0.3037974683544304,0.739803094233474,0.2869198312236287,576.5949367088608,0.3755274261603376,5.879043600562588,1045.931082981716,126.28551336146273,777.0872011251759,2197.8143459915614,2092.2981715893106,92.02672292545711,15.729957805907173,2593.4275668073137,166.67229254571026,15844.292545710266,741.6947960618846,241.25316455696202,32.063291139240505,361.9324894514768,43.29113924050633,359.40646976090017,66.59915611814345,2.6765119549929675,22.360056258790436,97.59915611814345,31.438818565400844,289.0351617440225,42.37552742616034,35.63713080168776,415.4669479606188,10.971870604781998,135.44022503516175,33.324894514767934,2.4050632911392404,362.44303797468353,5.905766526019691,3.4683544303797467,0.1729957805907173,0.6160337552742616,3.942334739803094,0.5189873417721519,0.5274261603375527,1.409282700421941,12.936708860759493,0.14345991561181434,24.50070323488045,359.1181434599156,0.7721518987341772,0.9774964838255977,28.337552742616033,70.21940928270043,74.62165963431787,0.9746835443037974,603.7566807313643,17.27848101265823,2356.3881856540083,142.0998593530239,84.9901547116737,97.84669479606188,38.132208157524616,3.7130801687763713,5.706047819971871,1.060478199718706,0.9367088607594937,3.7848101265822787,11.924050632911392,0.39381153305203936,38.144866385372715,2.789029535864979,15.396624472573839,396.7440225035162,36.44163150492265,98.9873417721519,15.154711673699016,0.1589310829817159,12.382559774964838,0.11392405063291139,7.265822784810126
20,2.0126582278481013,0.7482419127988749,0.057665260196905765,0.3924050632911392,0.5147679324894515,0.015471167369901548,0.5949367088607594,0.07454289732770746,0.06329113924050633,0.3628691983122363,0.0014064697609001407,0.011251758087201125,0.0028129395218002813,0.05485232067510549,15.047819971870604,0.38396624472573837,0.005625879043600563,1227.2081575246132,3.4374120956399437,741.6947960618846,6509.151898734177,3575.0520393811535,952.6680731364276,863.9789029535865,37.76511954992968,58.9817158931083,7.243319268635724,1.540084388185654,30.431786216596343,23.310829817158933,0.21659634317862167,27.745428973277075,0.21237693389592124,4.490857946554149,31.160337552742615,0.008438818565400843,27.361462728551338,0.9859353023909986,0.052039381153305204,81.43178621659634,1.0942334739803095,0.5949367088607594,0.07876230661040788,0.09423347398030943,0.011251758087201125,0.05907172995780591,0.02250351617440225,0.03234880450070324,0.0,0.0014064697609001407,0.01828410689170183,0.0,0.0,0.0,0.0,0.509142053445851,0.0014064697609001407,0.0,78.07594936708861,0.5738396624472574,43.30661040787623,108.12798874824192,83.38959212376933,49.954992967651194,32.29817158931083,1.309423347398031,0.6624472573839663,0.11814345991561181,0.016877637130801686,2.5246132208157523,1.729957805907173,0.0,1.939521800281294,0.0028129395218002813,0.4880450070323488,4.962025316455696,0.11251758087201125,3.0337552742616034,0.31223628691983124,0.0014064697609001407,6.713080168776371,0.03938115330520394,1.3966244725738397
21,12.468354430379748,5.241912798874824,0.5246132208157525,1.0970464135021096,2.2236286919831225,0.12939521800281295,1.5850914205344586,0.10829817158931083,0.11954992967651196,0.1617440225035162,0.0028129395218002813,0.008438818565400843,0.0,0.0014064697609001407,6.070323488045007,0.9240506329113924,0.011251758087201125,411.72433192686356,2.7369901547116737,241.25316455696202,3575.0520393811535,4800.175808720112,1257.8551336146272,3212.5443037974683,82.39521800281294,45.36146272855134,6.918424753867792,3.6511954992967652,85.75949367088607,49.028129395218,0.19831223628691982,48.278481012658226,0.17158931082981715,20.344585091420534,24.327707454289733,0.02531645569620253,79.31364275668074,3.732770745428973,0.16455696202531644,59.895921237693386,1.3277074542897327,0.32208157524613223,0.08860759493670886,0.11533052039381153,0.10689170182841069,0.06610407876230662,0.0028129395218002813,0.07172995780590717,0.0028129395218002813,0.0028129395218002813,0.053445850914205346,0.0,0.05485232067510549,0.0,0.0028129395218002813,0.06329113924050633,0.005625879043600563,0.0,46.09142053445851,0.2714486638537271,29.414908579465543,90.29676511954993,72.88607594936708,45.24191279887482,38.60478199718706,1.3023909985935302,0.5569620253164557,0.06891701828410689,0.029535864978902954,2.068917018284107,2.171589310829817,0.004219409282700422,1.6947960618846696,0.015471167369901548,0.6779184247538678,3.523206751054852,0.2011251758087201,3.3431786216596344,0.1350210970464135,0.0014064697609001407,6.0787623066104075,0.015471167369901548,0.7538677918424754
22,34.68917018284107,13.153305203938116,3.632911392405063,7.510548523206751,5.890295358649789,0.44585091420534456,18.157524613220815,1.3769338959212376,0.6821378340365682,3.192686357243319,0.02250351617440225,0.06047819971870605,0.0,0.009845288326300985,3.9535864978902953,4.531645569620253,0.5218002812939522,1711.1504922644162,1968.5738396624472,32.063291139240505,952.6680731364276,1257.8551336146272,24327.959212376933,1548.1856540084389,3628.199718706048,75.9789029535865,21.310829817158933,30.9887482419128,1181.8691983122362,401.31504922644166,1.8748241912798875,209.70886075949366,2.5414908579465543,78.04078762306611,149.35724331926863,0.6258790436005626,479.4106891701828,22.9957805907173,1.5316455696202531,210.56540084388186,12.749648382559775,0.4050632911392405,0.27566807313642755,0.0014064697609001407,0.06469760900140648,0.3066104078762307,0.0,0.035161744022503515,0.015471167369901548,0.004219409282700422,0.09423347398030943,0.0,0.0,0.0,0.0,0.2222222222222222,0.0829817158931083,0.005625879043600563,114.45428973277075,0.44585091420534456,51.94655414908579,169.1054852320675,154.47257383966246,124.37271448663854,61.63713080168776,1.2334739803094235,0.35161744022503516,0.08438818565400844,0.02109704641350211,2.791842475386779,5.880450070323488,0.0014064697609001407,7.479606188466948,0.012658227848101266,1.8649789029535866,8.30379746835443,0.34177215189873417,8.246132208157524,0.4767932489451477,0.004219409282700422,8.189873417721518,0.02250351617440225,7.862165963431786
23,54.9887482419128,23.160337552742615,3.469760900140647,9.714486638537272,11.649789029535865,0.9437412095639943,18.21518987341772,1.0168776371308017,0.009845288326300985,0.08157524613220815,0.0,0.0379746835443038,0.4571026722925457,0.9310829817158931,132.72573839662448,0.30239099859353025,0.02531645569620253,297.2447257383966,21.71448663853727,361.9324894514768,863.9789029535865,3212.5443037974683,1548.1856540084389,16595.850914205344,1391.9521800281293,627.3699015471167,34.014064697609,30.279887482419127,321.5682137834037,137.51617440225036,0.32770745428973275,115.38818565400844,0.1209563994374121,81.67510548523207,34.29254571026723,0.42334739803094235,548.1082981715894,13.260196905766525,3.2236286919831225,281.53164556962025,17.229254571026722,0.09845288326300984,0.04781997187060478,0.0028129395218002813,0.02531645569620253,0.029535864978902954,0.0,0.36427566807313644,0.08438818565400844,0.0,0.016877637130801686,0.005625879043600563,0.009845288326300985,0.0,0.0,0.11814345991561181,0.02109704641350211,0.0,21.28551336146273,0.37834036568213786,20.79887482419128,42.14767932489451,45.15611814345991,24.088607594936708,51.565400843881854,3.037974683544304,1.260196905766526,0.2250351617440225,0.029535864978902954,2.8143459915611815,2.9071729957805905,0.0,1.2630098452883263,0.01828410689170183,0.5977496483825597,4.385372714486638,0.0759493670886076,2.6582278481012658,0.07032348804500703,0.015471167369901548,10.9971870604782,0.005625879043600563,1.260196905766526
24,8.482419127988749,7.170182841068917,1.120956399437412,2.319268635724332,2.409282700421941,0.909985935302391,7.455696202531645,0.9437412095639943,0.17580872011251758,3.2123769338959214,0.0,0.012658227848101266,0.053445850914205346,0.7791842475386779,18.762306610407876,5.369901547116737,5.623066104078762,358.8846694796062,462.6807313642757,43.29113924050633,37.76511954992968,82.39521800281294,3628.199718706048,1391.9521800281293,18402.23488045007,774.8157524613221,532.3741209563995,225.0942334739803,3779.5513361462727,266.46835443037975,8.610407876230662,94.27144866385373,1.0689170182841068,17.38818565400844,30.551336146272856,0.3980309423347398,149.17440225035162,9.50351617440225,1.3052039381153304,779.9817158931083,107.70604781997187,0.016877637130801686,0.009845288326300985,0.0,0.0028129395218002813,0.01828410689170183,0.0,0.004219409282700422,0.029535864978902954,0.0,0.0014064697609001407,0.02250351617440225,0.0,0.0,0.005625879043600563,0.090014064697609,0.0,0.0,2.376933895921238,0.12236286919831224,2.381153305203938,2.3473980309423346,3.5527426160337554,2.848101265822785,2.040787623066104,0.45850914205344584,0.29957805907172996,0.035161744022503515,0.0014064697609001407,0.29254571026722925,0.36146272855133615,0.0,0.2109704641350211,0.011251758087201125,0.17440225035161744,0.9760900140646976,0.1617440225035162,0.28551336146272854,0.01969057665260197,0.03938115330520394,1.0042194092827004,0.0028129395218002813,1.4852320675105486
25,2.5274261603375527,1.9915611814345993,0.17721518987341772,0.41068917018284107,0.27848101265822783,0.008438818565400843,1.0267229254571026,4.234880450070324,0.0,0.16033755274261605,0.015471167369901548,0.37412095639943743,5.7735583684950775,14.949367088607595,283.0478199718706,0.06610407876230662,0.015471167369901548,81.52039381153305,22.91561181434599,359.40646976090017,58.9817158931083,45.36146272855134,75.9789029535865,627.3699015471167,774.8157524613221,2986.1983122362867,443.7679324894515,30.10829817158931,75.71167369901548,12.188466947960618,0.21378340365682139,6.059071729957806,0.1279887482419128,1.9549929676511955,4.506329113924051,0.06891701828410689,49.41631504922644,3.9029535864978904,0.5021097046413502,1188.054852320675,33.07172995780591,0.014064697609001406,0.0,0.009845288326300985,0.040787623066104076,0.0,0.0,0.03938115330520394,0.07313642756680731,0.0,0.0,0.14767932489451477,0.0,0.0,0.3037974683544304,1.5457102672292546,0.004219409282700422,0.0,1.710267229254571,0.009845288326300985,5.479606188466948,1.230661040787623,0.90014064697609,0.7763713080168776,0.7580872011251758,0.07032348804500703,0.1617440225035162,0.03234880450070324,0.0,0.02390998593530239,0.06891701828410689,0.0,0.08860759493670886,0.0028129395218002813,0.008438818565400843,0.48241912798874825,0.005625879043600563,0.13361462728551335,0.0028129395218002813,0.0,0.639943741209564,0.004219409282700422,0.06188466947960619
